201122 155000   5.0 -13  1.11  1841034 DF6PW             
201122 155015   2.9 -14  1.08  1842077 PE1BIW            
201122 155000   2.0 -15  1.08  5357507 UT6UA             
201122 155000  11.4  -5  1.01  5357598 GW1YQM            
201122 155000  51.5   9  1.02  5357778 MM0AUP            
201122 155000  38.4  15  1.09  5357918 MM5DWW            
201122 155000  19.3  -3  1.03  5358110 SQ9LFQ        KN09
201122 155000  37.2  -2  0.99  5358237 DL1DH         JN49
201122 155000  12.9  -5  1.93  5358377 IW3HKP        JN55
201122 155000   8.0  -7  0.61  5358570 LY2FN         KO14
201122 155000  96.7   4  1.01  5358706 OM5XX         JN97
201122 155000  16.8  -5  1.43  5358943 DL3DSM        JO61
201122 155015  52.1   1  1.05  5357300 DL5JMN        JO60
201122 155015   4.3   8  1.18  5357507 F5RRS         JN36
201122 155015  46.0  17  1.13  5357597 DK0EE             
201122 155015  15.6  -1  1.09  5357855 M0WAY         IO82
201122 155015  18.7   6 -0.50  5357917 DL1TKL            
201122 155015  19.1  10  0.98  5358039 LA6RJA            
201122 155015  71.8   7  1.05  5358213 F4NKN         JO10
201122 155015   6.0  -6  1.02  5358515 IZ8GUU        JN70
201122 155015  12.6  -8  1.03  5358900 PA3BV         JO22
201122 155015   4.6 -10  1.06  5358950 DL9IQ             
201122 155015  55.8   6 -0.13  5359000 F8GDP             
201122 155015  15.0   2  1.04  5359488 ES6RQ         KO28
201122 155015   4.6  -4  1.13  5358236 EA1TX         IN71
201122 155015   1.7 -13  0.99  5358376 SO5WD         KO02
201122 155015  11.5  -9  1.02  5358996 DF8RJ         JO42
201122 155030  19.8   0  1.01  5357598 GW1YQM            
201122 155030  33.6   5  1.03  5357777 MM0AUP            
201122 155030  94.6  13  1.10  5357918 MM5DWW        IO89
201122 155030  24.7   0  1.03  5358110 SQ9LFQ            
201122 155030  17.5  -7  0.99  5358237 DL1DH             
201122 155030   8.2  -2  1.92  5358377 IW3HKP        JN55
201122 155030   3.3 -11  0.61  5358570 LY2FN         KO14
201122 155030  12.4  -1  1.07  5358642 LA4BPA        JP40
201122 155030  23.1   0  1.01  5358706 OM5XX         JN97
201122 155030  19.6   9  0.85  5358901 DF5RA         JN59
201122 155030   1.7 -14  0.41  5357945 DL2RUF        JO62
201122 155030  14.8   4  1.06  5358940 G0OFC             
201122 155030  13.0  -2  1.43  5358943 DL3DSM        JO61
201122 155045  22.2  -4  1.05  5357300 DL5JMN        JO60
201122 155045  59.6  15  1.19  5357507 F5RRS         JN36
201122 155045  12.9  11  1.10  5357598 DK0EE             
201122 155045  28.2   0  1.07  5357721 M0RNR         IO94
201122 155045  13.5  -2  1.09  5357854 M0WAY             
201122 155045  20.1  11  0.99  5358040 LA6RJA            
201122 155045   4.6  -4  1.03  5358515 IZ8GUU        JN70
201122 155045  77.6   3 -0.15  5359000 F8GDP             
201122 155045  21.9   7 -0.55  5359318 DL1TKL        JO73
201122 155045  21.0   1  1.03  5359488 ES6RQ         KO28
201122 155045   3.0 -11  1.07  5359903 ES2MA             
201122 155045   1.8 -15  1.04  5358951 DL9IQ             
201122 155000   7.1  -7  1.01  7074193 E79Q              
201122 155000  10.0   6  1.04  7074292 IK2WJT            
201122 155000   5.2  -9  1.80  7074360 IV3XHF        JN66
201122 155000   7.3   8  1.44  7074445 YO6GLT            
201122 155000   4.3   8  0.90  7074478 IK1RDF            
201122 155000  22.4  10  1.07  7074545 IV3GDE            
201122 155000   3.4  -7  1.16  7074647 IU5IHB        JN53
201122 155000  16.8   5  1.18  7074701 IK4ALM        JN54
201122 155000   4.1   4  1.17  7074922 HA5AVV        JN97
201122 155000   5.0   4  1.13  7074952 IY5PIS            
201122 155000   5.0  -7  1.32  7075008 R7KEO         KN65
201122 155000   7.2  -5  0.78  7075424 F1SPK             
201122 155000   8.1  -2  1.13  7075632 SP5MNL        KO02
201122 155000   6.5  -1  1.27  7075752 RO7L          LN06
201122 155000  24.3  16  1.07  7075860 SP5FCZ            
201122 155000   2.7   1  0.80  7076063 TA8BZ             
201122 155000   2.4 -10  1.04  7076305 M0OXO         IO93
201122 155000  10.1   6  1.43  7076356 OE4KSF        JN87
201122 155000   6.4 -10  1.04  7076457 ER5DX         KN46
201122 155000  16.8   0  1.84  7076564 GI4TAJ        IO64
201122 155000   8.8  -5  0.69  7076620 UT9LB             
201122 155000  14.5  -5  1.04  7076856 UA3ZUX        KO90
201122 155000   3.5  -9  1.06  7074394 RA6FCU        LN15
201122 155000  12.7   6  1.38  7074492 OM7FM         JN98
201122 155000   2.0 -10  1.49  7074551 IK8IUQ        JN70
201122 155000   4.4 -11  1.30  7074628 R4RO          LO65
201122 155000  15.4   1  1.01  7074729 RX6AAH            
201122 155000   8.6  -5  1.13  7074892 SA6BWX        JO67
201122 155000   6.4  -4  1.00  7074953 IT9EJP            
201122 155000   9.9  -7  1.02  7075702 OH1FOL            
201122 155000   3.8   4  1.01  7076377 YO6CVN            
201122 155000   4.2  -1  1.00  7076385 UT0PR         KO20
201122 155015  11.6  -2  1.00  7074303 MM0RKN            
201122 155015  12.6  -2  1.26  7074343 EW8AAA        KO42
201122 155015   3.8 -12  1.02  7074483 YL2KF         KO27
201122 155015  11.4  -1  1.02  7074546 OE3UKW        JN88
201122 155015  13.2   8  1.00  7074627 S57U          JN75
201122 155015   2.5  -7  1.00  7074731 Z32ZZZ            
201122 155015  36.9   2  0.95  7074828 F1RUK         JN26
201122 155015   9.9  -4  1.49  7074905 IZ3ZOH        JN55
201122 155015   2.6  -8  1.12  7074940 IZ5CLJ        JN53
201122 155015  15.1  13  0.71  7075105 9A0W          JN75
201122 155015   7.3   4  0.74  7075166 2M0DWC        IO87
201122 155015   7.0   3  1.03  7075194 I4WQH         JN54
201122 155015  11.3   0  0.74  7075251 UT5EX         KN78
201122 155015  39.0   4  2.42  7075291 YO2UH             
201122 155015   7.7 -12  2.11  7075346 R6LR              
201122 155015  19.0   7  1.17  7075658 RJ3DC         KO95
201122 155015   9.5  -8  1.04  7075784 RZ6AMO            
201122 155015  14.8   4  1.01  7075883 9A2KS         JN65
201122 155015   7.3  -3  0.99  7076003 MM0HVU        IO85
201122 155015  16.8   6  1.58  7076056 YO6GUU            
201122 155015  23.3  16  1.27  7076144 IK2CNC        JN45
201122 155015   1.6 -15  1.64  7076303 SV1OML        KM18
201122 155015   9.3   3  1.08  7076457 IV3TES            
201122 155015   6.6   7  1.20  7076564 9A6NDZ        JN85
201122 155015   9.8   4  1.00  7076633 SP0DZ         KO02
201122 155015   3.0 -14  1.57  7074275 UA6ANQ        KN96
201122 155015  10.7  -8  2.01  7074659 IW8EYF        JN70
201122 155015  26.9  -2  1.74  7074809 IQ5PJ         JN53
201122 155015   5.2  -8  1.12  7074864 OG2P              
201122 155015   6.0   0  1.52  7075123 SQ8AA         KN19
201122 155015   2.7 -10  1.53  7075232 RA5BQ             
201122 155015   4.5  -9  1.43  7075619 R1BED             
201122 155015   3.4  -9  0.76  7075701 DL1HRN        JO61
201122 155015   9.6  -2  2.03  7075980 UR3EO         KN78
201122 155015   5.7   7  1.00  7076146 SM4DHT            
201122 155015  16.8   5  1.11  7076571 OM0MR         KN09
201122 155015   3.2  -4  1.00  7076092 IQ8BB             
201122 155030   4.6 -11  1.06  7074193 E79Q              
201122 155030  17.0   8  1.01  7074292 IK2WJT            
201122 155030   7.5  -1  1.12  7074360 IV3XHF        JN66
201122 155030   5.1   5  1.44  7074446 YO6GLT            
201122 155030  13.3   6  0.90  7074478 IK1RDF            
201122 155030   5.4  -6  1.56  7074551 IK8IUQ            
201122 155030  30.0   1  1.19  7074701 IK4ALM        JN54
201122 155030   3.8   1  1.16  7074893 SA6BWX        JO67
201122 155030   2.5   2  1.17  7074923 HA5AVV        JN97
201122 155030  26.4  13  1.02  7075287 SP5FCZ            
201122 155030  10.6  -4  1.13  7075632 SP5MNL            
201122 155030   9.5   0  1.02  7075702 OH1FOL            
201122 155030  10.4  -1  0.79  7076064 TA8BZ             
201122 155030   2.5  -8  1.04  7076305 M0OXO             
201122 155030  18.0   7  1.42  7076357 OE4KSF        JN87
201122 155030  19.3  -1  1.03  7076457 ER5DX             
201122 155030  15.2   2  1.84  7076564 GI4TAJ            
201122 155030   3.3  -6  0.84  7076620 UT9LB             
201122 155030   9.1  -5  1.05  7076857 UA3ZUX            
201122 155030  11.0   3  1.38  7074492 OM7FM         JN98
201122 155030   9.8  -1  1.01  7074729 RX6AAH            
201122 155030   5.5  -2  0.28  7075278 TA5O          KM76
201122 155030   1.9 -16  0.54  7076144 R2AXN         KO84
201122 155030   4.6   0  1.00  7076377 YO6CVN            
201122 155030  11.2  -1  0.99  7076385 UT0PR         KO20
201122 155045   2.1 -13  1.13  7074164 F5VHQ         JN23
201122 155045  13.7  -3  1.01  7074303 MM0RKN            
201122 155045  13.1   6  1.00  7074628 S57U          JN75
201122 155045   1.6  -8  1.01  7074732 Z32ZZZ            
201122 155045   2.1 -15  1.12  7074940 IZ5CLJ            
201122 155045  11.2   4  0.74  7075166 2M0DWC        IO87
201122 155045  59.9   3  2.41  7075291 YO2UH             
201122 155045   6.5  -8  1.05  7075533 US2YW         KN28
201122 155045  21.0  12  1.13  7075658 RJ3DC         KO95
201122 155045   2.5 -11  1.04  7075784 RZ6AMO            
201122 155045  12.6   6  1.01  7075882 9A2KS         JN65
201122 155045   3.8  -6  0.99  7076003 MM0HVU            
201122 155045   5.6   0  1.61  7076055 YO6GUU            
201122 155045   2.3   0  1.00  7076092 IQ8BB             
201122 155045  12.1  16  1.27  7076145 IK2CNC        JN45
201122 155045  41.0   9  1.06  7076457 IV3TES            
201122 155045  15.8   4  1.09  7076571 OM0MR         KN09
201122 155045   2.1 -10  1.00  7076633 SP0DZ         KO02
201122 155045  14.0   0  1.15  7076793 RW30DX            
201122 155045  13.1  -9  1.62  7074274 UA6ANQ        KN96
201122 155045  12.5  -8  1.41  7074344 EW8AAA            
201122 155045  15.0  -7  2.02  7074659 IW8EYF        JN70
201122 155045  17.7   1  1.03  7075194 I4WQH             
201122 155045   3.2  -6  1.42  7075619 R1BED             
201122 155045   6.4  -8  2.05  7075980 UR3EO         KN78
201122 155045   1.7 -13  1.79  7076305 SV1OML            
201122 155045  10.3   0  1.19  7076563 9A6NDZ            
201122 155045   3.1 -11  0.75  7075589 DL1HRN        JO61
201122 155045   5.5  -5 -0.38  7076542 TA1K          KN41
201122 155045   4.6 -11  0.13  7076597 R3XD          KO84
201122 155000   3.7 -13  1.06 10136241 R7IA              
201122 155000  19.9   0  1.00 10136384 IT9PQJ/0          
201122 155000   4.3 -11  1.04 10136525 R3IAD             
201122 155000  11.2  -3  2.05 10136739 IT9BXC        JM77
201122 155000  35.8   1  1.11 10136959 IK7JVE            
201122 155000  21.3  -4  0.92 10137047 RW3DC         KO85
201122 155000   9.8  -1  1.05 10137152 RK4FF             
201122 155000   3.4  -5  0.27 10137237 EB3DGJ/QRP        
201122 155000   8.9  -3 -0.13 10137430 UX1HP         KN69
201122 155000  14.8   8  1.88 10137683 EA4ESU            
201122 155000  38.0   1  1.02 10138119 EA3GLE        JN11
201122 155000  17.0  -5  1.01 10138171 EA3NP             
201122 155000   6.7   2  1.04 10138415 EC2ASL        IN93
201122 155000   4.9   1  1.00 10138443 UR4QGZ        KN77
201122 155000  21.5   2  1.02 10138579 SV2AEL        KN10
201122 155000   4.1 -10  1.01 10136752 GJ0KYZ        IN89
201122 155000   2.2  -9  1.04 10137006 RX3ASQ        KO95
201122 155000  17.0  -7  1.03 10137222 IQ8BI         JN70
201122 155000   5.5 -11  0.79 10136996 EA3IKA        JN12
201122 155015  27.6   2  1.13 10136576 RL3K              
201122 155015   2.5 -12  2.02 10136636 TA7LZB            
201122 155015  20.9  -2  0.22 10136928 SV1DVZ            
201122 155015   3.0 -13  1.27 10137024 UA6XES        LN13
201122 155015   7.9  -2  1.19 10137236 CT1FUH        IN60
201122 155015  19.8  13  1.08 10137316 EA4T              
201122 155015  11.8   3  1.32 10137611 EA5WO         IM99
201122 155015  12.5   9  0.96 10137907 EA4FME            
201122 155015   3.3 -11  1.71 10138002 R4CI          LO31
201122 155015  12.9  -8  1.01 10138041 SV1SDT            
201122 155015   9.5  -4  1.12 10138171 UR0MD             
201122 155015 119.5   5  1.10 10138684 UX1VT         KN68
201122 155015   1.9 -14  1.03 10137335 RV6HJ             
201122 155030  17.6   5  1.00 10136384 IT9PQJ/0          
201122 155030  11.5  -5  1.04 10136525 R3IAD             
201122 155030   1.6  -9  1.04 10137006 RX3ASQ        KO95
201122 155030  17.2  -4  0.92 10137047 RW3DC             
201122 155030   2.6 -14  1.26 10137408 K1XH          FN33
201122 155030  18.6   9  1.86 10137683 EA4ESU            
201122 155030   4.1  -4  1.00 10138119 EA3GLE        JN11
201122 155030  11.0  -1  1.06 10138209 RY7G          LN14
201122 155030  20.4   0  1.02 10138415 EC2ASL        IN93
201122 155030  23.4   3  1.06 10138579 SV2AEL        KN10
201122 155030   4.6 -10  0.76 10136996 EA3IKA            
201122 155030  25.5  -2  1.01 10138171 EA3NP             
201122 155030   5.5 -11  1.00 10138396 UR4QGZ        KN77
201122 155045   4.3  -9  0.79 10136305 R6LE          LN07
201122 155045  15.8  -5  0.21 10136928 SV1DVZ            
201122 155045  37.0  16  1.03 10137316 EA4T          IN70
201122 155045  35.0  -4  1.34 10137612 EA5WO             
201122 155045  16.4   6  0.94 10137908 EA4FME            
201122 155045  48.9   1  1.10 10138684 UX1VT         KN68
201122 155045   9.7  -5  0.09 10137922 TA2VB             
201122 155000  10.0  -7  0.88 14074594 CT7AGM            
201122 155000   7.8 -11  1.03 14074760 KC3PGN        FN00
201122 155000   7.2  -9  1.02 14074981 OM3DX             
201122 155000   3.6 -12  1.06 14075253 F5JY          JN33
201122 155000   4.2  -7 -0.43 14075768 EA4DUA        IM79
201122 155000  28.5  19 -0.43 14075868 EA4DUA        IM79
201122 155000   7.8  -8  1.04 14076473 KP2B              
201122 155015   9.0  -6  1.43 14074379 OD5ZZ         KM74
201122 155015  16.9   0  1.09 14074634 WW1WW             
201122 155015   6.3  -3  1.00 14074707 KB1OIQ            
201122 155015  37.4   5  1.02 14074890 CT7AQD        IN50
201122 155015  10.5   0  1.11 14076027 CT1CVT            
201122 155015   4.9  -9  1.01 14074717 PD0WAG        JO21
201122 155030   4.1  -6  1.04 14074612 EA7ANP            
201122 155030   4.8 -11  1.03 14074759 KC3PGN            
201122 155030  18.3  10  0.85 14075187 CT7AQE        IM57
201122 155030   7.0  -5 -0.42 14075768 EA4DUA        IM79
201122 155030  40.5  19 -0.42 14075868 EA4DUA        IM79
201122 155030   7.8 -10  0.88 14074595 CT7AGM            
201122 155030   8.8  -5  1.11 14075908 CT1CBC            
201122 155045   7.1  -6  1.01 14074394 PD0WAG        JO21
201122 155045   5.4 -10  1.24 14074532 EC1CTV        IN63
201122 155045  13.5   0  1.08 14074634 WW1WW             
201122 155045  13.0  -4  1.00 14074707 KB1OIQ            
201122 155045  33.8   9  1.03 14074890 CT7AQD        IN50
201122 155045  22.9   3  1.19 14075441 PA3CPS        JO32
201122 155045   4.0 -11 -2.42 14075847 BD9BI             
201122 155045   7.3   1  1.08 14076027 CT1CVT            
201122 155045   7.5  -6  1.27 14076133 VE2FVV            
201122 155045   3.9 -11  1.13 14076106 OD5ZF             
