201122 154000  29.7   1  1.01  5357447 SQ9LFQ        KN09
201122 154000  11.2  -3  1.06  5357599 GW1YQM            
201122 154000   9.1   0  1.11  5357855 M0WAY             
201122 154000  36.8  12  1.08  5357918 MM5DWW        IO89
201122 154000  16.1   7  1.04  5358302 M0RNR             
201122 154000  19.3  12  1.03  5358440 SP5UAF        KO02
201122 154000  17.8  -5  0.96  5358626 9A6T          JN75
201122 154000  29.5  -3  1.01  5358706 OM5XX         JN97
201122 154000  11.0   0  1.01  5359489 ES6RQ         KO28
201122 154000   4.5  -3  1.13  5357857 9A2AA             
201122 154015  25.6  18  1.20  5357507 F5RRS             
201122 154015   7.7  -5  1.49  5357693 DL6NBS            
201122 154015  13.8  13  1.00  5358040 LA6RJA            
201122 154015  18.4   4  0.84  5358213 F4NKN             
201122 154015  12.7   3  1.12  5358296 DL7JAN        JN49
201122 154015   5.2  -9  1.12  5358514 IZ8GUU        JN70
201122 154015   1.5 -15  2.48  5358626 DB8RA         JO62
201122 154015  30.3   3  1.07  5358760 LA4BPA        JP40
201122 154015   5.0  -9 -0.14  5359000 F8GDP             
201122 154015  12.5  -5  1.06  5357559 IK4JQQ        JN54
201122 154015  11.6  -1  1.31  5358184 DF3WG         JN49
201122 154030  36.7  -1  1.35  5357303 IK1GPG        JN34
201122 154030   8.9  -7  1.02  5357598 GW1YQM            
201122 154030  10.6  -3  1.11  5357855 M0WAY         IO82
201122 154030  12.9   9  1.00  5357954 SQ9LFQ        KN09
201122 154030   6.8  -2  1.04  5358302 M0RNR             
201122 154030  14.2   5  1.07  5358439 SP5UAF        KO02
201122 154030  20.4  -3  0.96  5358626 9A6T              
201122 154030  17.0  -5  1.01  5358706 OM5XX         JN97
201122 154030   4.1  -8  0.70  5359158 DG1VT         JO61
201122 154030  28.5   1  1.03  5359489 ES6RQ         KO28
201122 154030  31.8   4  1.05  5357918 MM5DWW            
201122 154045   3.6 -13  0.99  5357303 G7UFO             
201122 154045  31.2  19  1.19  5357507 F5RRS             
201122 154045  10.2  -1  1.08  5357662 DD7YB         JO40
201122 154045   4.1  -4  1.50  5357693 DL6NBS        JN59
201122 154045  16.1   4  1.00  5358040 LA6RJA        JO38
201122 154045  19.8   3  0.83  5358213 F4NKN             
201122 154045  10.1   5  1.12  5358296 DL7JAN        JN49
201122 154045   4.5  -8  1.11  5358515 IZ8GUU            
201122 154045   6.9  -9  2.07  5358626 DB8RA             
201122 154045  20.6   3  1.08  5358760 LA4BPA            
201122 154045   4.9 -13  1.02  5358815 PA3BV             
201122 154045  12.9  -4 -0.12  5359000 F8GDP             
201122 154045  23.2   0  1.47  5359062 F4AYI             
201122 154045   7.2  -7  1.06  5357559 IK4JQQ        JN54
201122 154000  12.6  -7  1.01  7074193 E79Q          JN83
201122 154000   3.4  -9  1.15  7074648 IU5IHB            
201122 154000   6.1  -6  0.94  7074841 R6DV              
201122 154000   8.8   1  1.16  7074992 HA5AVV            
201122 154000  28.3   1  1.51  7075147 SP8LM             
201122 154000  17.1  -4  0.97  7075228 UX9ZA         KN66
201122 154000  22.0  -1  2.40  7075291 YO2UH         KN15
201122 154000   5.9  -4  1.00  7075355 YO6CVN        KN25
201122 154000  17.7   1  1.22  7075651 PA3CPS        JO32
201122 154000   6.4  -6  1.05  7075711 RZ6AMO            
201122 154000   6.2  -8  1.90  7075902 SQ9PXC        KN09
201122 154000   4.3   0  0.88  7076032 GM1TBW        IO97
201122 154000  72.9  18  1.06  7076113 G8BCG         IO70
201122 154000  14.7   0  1.26  7076203 RO7L          LN06
201122 154000  11.3   2  1.00  7076385 UT0PR         KO20
201122 154000   3.1  -4  1.08  7076452 OK2WMC            
201122 154000   3.8   0  1.87  7076564 GI4TAJ            
201122 154000   3.0   0  1.16  7076617 RW30DX            
201122 154000   3.1 -11  1.08  7075367 PD75T             
201122 154000  10.6  -6  1.26  7076240 YL2GM         KO37
201122 154000  10.3  -5  0.83  7076459 S51SG             
201122 154000  13.2  -1  1.70  7076562 YO8CRU        KN36
201122 154000  11.7  -1  0.70  7076621 UT9LB             
201122 154015  22.2   1  1.01  7074303 MM0RKN        IO85
201122 154015   8.3  -2  1.53  7074344 EW8AAA            
201122 154015   8.1  -7  1.03  7074546 OE3UKW        JN88
201122 154015  25.7   5  1.01  7074731 Z32ZZZ            
201122 154015  11.1  -7  1.74  7074808 IQ5PJ         JN53
201122 154015   5.8  -7  0.62  7074842 UR5XMM            
201122 154015  35.4   3  1.23  7075029 LB7VI             
201122 154015   2.6 -14  1.05  7075118 IW9HOJ        JN45
201122 154015   7.0  -1  1.62  7075228 SA3RIT        JP81
201122 154015  11.5   2  1.21  7075366 9A6NDZ        JN85
201122 154015   4.5  -8  1.01  7075446 EA3IJS        JN12
201122 154015  26.4  15  1.14  7075658 RJ3DC         KO95
201122 154015   8.7   3  1.38  7075712 SP4OLP        KO13
201122 154015   7.8   8  1.04  7075849 SP5FCZ            
201122 154015   7.3  -6  1.00  7076003 MM0HVU            
201122 154015   4.6  -4  1.08  7076062 MJ0LEL        IN89
201122 154015  11.8  17  1.27  7076152 IK2CNC            
201122 154015   2.5 -14  0.54  7076354 S52SX         JN76
201122 154015   2.7 -14  0.35  7076457 UR3VKB            
201122 154015  12.0   1  1.04  7076575 IK8CNT            
201122 154015   5.7  -8  1.13  7076724 RK30DX            
201122 154015   7.1  -3  1.01  7074716 OH3EQY        KP20
201122 154015  17.1  -5  1.06  7075366 RK4FF             
201122 154015   1.9 -14  1.06  7075412 YM7KK         KN90
201122 154015  15.9   7  1.38  7075625 IW1CQ         JN34
201122 154015   4.3  -8  1.10  7075711 UR4MN             
201122 154015   7.0  -6  1.02  7075883 9A2KS         JN65
201122 154015   6.6  -8  2.02  7075980 UR3EO             
201122 154015   4.9  -8  1.01  7076025 R2020DX           
201122 154015   6.8  -2  1.53  7076240 R6LR          LN16
201122 154015   3.0  -9  1.13  7074729 PA1RVG            
201122 154015   1.6 -12  0.98  7075532 US2YW             
201122 154015   4.5  -9  2.12  7075579 SV1OML            
201122 154030  56.6   1  1.02  7074193 E79Q          JN83
201122 154030   8.0  -3  1.12  7074396 OH3EAU        KP21
201122 154030  10.5   1  1.45  7074446 YO6GLT        KN36
201122 154030   5.6   7  1.28  7074545 IV3GDE        JN65
201122 154030   4.9  -5  1.11  7074629 UA3GU         KO92
201122 154030   7.6   5  1.12  7074864 OG2P              
201122 154030   8.2   2  0.91  7074952 IY5PIS            
201122 154030   3.4  -2  1.16  7074992 HA5AVV        JN97
201122 154030   8.6  10  2.41  7075292 YO2UH         KN15
201122 154030   1.7 -15  1.08  7075366 PD75T             
201122 154030   1.8 -15  1.01  7075426 F1SPK             
201122 154030  15.4  -2  1.22  7075651 PA3CPS            
201122 154030   1.5  -9  1.90  7075902 SQ9PXC        KN09
201122 154030   1.7 -13  1.05  7075964 OZ7TN         JO65
201122 154030  67.5  15  1.06  7076113 G8BCG         IO70
201122 154030  19.1  -2  1.26  7076203 RO7L          LN06
201122 154030   1.5 -14  1.06  7076305 M0OXO             
201122 154030   1.7  -7  1.06  7076454 OK2WMC        JN99
201122 154030  12.8  -2  1.86  7076564 GI4TAJ            
201122 154030   9.7   5  1.17  7076617 RW30DX            
201122 154030   5.7  -8  1.15  7074647 IU5IHB            
201122 154030   4.3 -10  1.03  7074905 OZ8BLR        JO46
201122 154030   8.9  -5  0.94  7075029 R6DV              
201122 154030   7.4   6  0.83  7075267 LY3BFH            
201122 154030   4.2   1  1.06  7076102 A450XR            
201122 154030   3.5  -9  1.26  7076240 YL2GM             
201122 154030   6.5  -6  0.82  7076459 S51SG             
201122 154030   6.8  -4  0.69  7076621 UT9LB             
201122 154030   1.6 -10  1.21  7074623 R4RO          LO65
201122 154030   8.5  -7  0.94  7075228 UX9ZA         KN66
201122 154045   2.7 -11  1.04  7074193 RX6AAH        KN96
201122 154045  17.6  -5  1.01  7074303 MM0RKN            
201122 154045   4.8 -10  1.35  7074344 EW8AAA        KO42
201122 154045  10.4  -3  1.02  7074545 OE3UKW        JN88
201122 154045  12.8  -1  1.11  7074624 OM0MR         KN09
201122 154045  29.0  -2  1.02  7074716 OH3EQY        KP20
201122 154045  13.9   5  1.37  7074841 SP4OLP        KO13
201122 154045   3.1 -13  1.01  7074899 OH4KRN        KP32
201122 154045  23.8   7  1.24  7075029 LB7VI             
201122 154045   3.6  -8  2.06  7075106 DL3CR         JN39
201122 154045   2.9   1  1.01  7075206 SM4FYX        JP70
201122 154045   2.2   1  1.64  7075229 SA3RIT        JP81
201122 154045   5.0   5  1.04  7075366 F4AWT         JN24
201122 154045   5.5  -4  1.01  7075446 EA3IJS        JN12
201122 154045   4.2 -11  0.98  7075532 US2YW             
201122 154045   9.6   8  1.16  7075658 RJ3DC         KO95
201122 154045   9.2   5  1.03  7075848 SP5FCZ            
201122 154045   9.4   2  1.00  7076003 MM0HVU        IO85
201122 154045  12.4   1  1.13  7076062 MJ0LEL            
201122 154045   9.7  17  1.27  7076152 IK2CNC        JN45
201122 154045  10.9  -9  0.54  7076353 S52SX             
201122 154045   8.4  -5  0.33  7076458 UR3VKB            
201122 154045  58.7   0  1.01  7076575 IK8CNT            
201122 154045  10.5  -6  1.12  7076724 RK30DX            
201122 154045   3.7  -9  1.09  7074729 PA1RVG            
201122 154045   2.7   0  1.97  7075196 R6DJR             
201122 154045  14.3   4  1.39  7075624 IW1CQ         JN34
201122 154045  10.8   2  1.02  7075883 9A2KS         JN65
201122 154045   4.1  -7  2.03  7075980 UR3EO             
201122 154045   5.6  -5  1.03  7076024 R2020DX           
201122 154045   3.4  -3  1.00  7076211 SV1GE         KM17
201122 154045   4.8  -8  1.40  7076616 4X5WS         KM72
201122 154000  17.4  -1  1.01 10137507 OH6V          KP03
201122 154000   2.4 -11  1.01 10136517 OH3OJ             
201122 154000   3.2  -9  0.25 10136737 SV1DVZ        KM17
201122 154000   3.4 -13  1.12 10137007 RX3ASQ        KO95
201122 154000  45.1  -1  1.06 10137222 IQ8BI         JN70
201122 154000   7.9  -9  0.74 10137432 LA5XX             
201122 154000   6.6  -9  1.69 10137564 RW6A          LN06
201122 154000  12.4  -7  1.01 10137616 SV1SDT            
201122 154000   2.8 -13  0.99 10137667 R1TZ          KO58
201122 154000   4.9 -14  1.26 10137725 OZ4MK         JO55
201122 154000  10.8   7  1.04 10137830 UA3ZUX        KO90
201122 154000  12.8   1  0.88 10137923 UT2AA             
201122 154000  10.0  -8  2.11 10138003 R4CI          LO31
201122 154000  11.4  -6  1.07 10138055 SE3X              
201122 154000  99.4   0  1.02 10138169 EA3NP         JN11
201122 154000  11.5  -3  1.12 10138216 F5HNQ         IN98
201122 154000   5.4 -11  1.09 10138479 SJ4F              
201122 154000  31.0  10  1.11 10138579 SV2AEL        KN10
201122 154000   6.4  -7  0.60 10138729 OH1KAG            
201122 154000   8.4 -12  1.03 10138118 EA3GLE        JN11
201122 154015   4.4  -7  1.02 10137094 R1BEQ             
201122 154015   5.6  -8  1.91 10137233 RA5BQ             
201122 154015  18.7   8  1.26 10137358 OH6RX             
201122 154015  10.0  -8  0.95 10137908 EA4FME        IN80
201122 154015  11.4  -8  1.06 10138290 R1AV          KP50
201122 154015  28.6   5  0.98 10138605 R2RA          LO02
201122 154015  16.4  -3  1.03 10137316 EA4T              
201122 154015   3.4 -10  0.96 10137372 EA1EAU        IN70
201122 154030  13.8   1  1.01 10137507 OH6V          KP03
201122 154030   4.8  -9  0.23 10136736 SV1DVZ            
201122 154030   5.8  -8  1.12 10137007 RX3ASQ        KO95
201122 154030  19.9   1  1.04 10137222 IQ8BI         JN70
201122 154030   3.5 -12  1.70 10137564 RW6A              
201122 154030  16.1  -6  1.02 10137615 SV1SDT            
201122 154030   3.5 -15  1.26 10137725 OZ4MK         JO55
201122 154030  16.1   0  1.07 10137829 UA3ZUX        KO90
201122 154030  12.8   2  0.89 10137923 UT2AA             
201122 154030   6.9 -12  1.86 10138002 R4CI          LO31
201122 154030  15.4  -4  1.06 10138055 SE3X          JP63
201122 154030  26.8   0  1.03 10138168 EA3NP             
201122 154030   8.1  -9  1.13 10138267 UR0MD             
201122 154030  36.0   9  1.11 10138579 SV2AEL        KN10
201122 154030   7.0  -8  0.60 10138729 OH1KAG            
201122 154030   3.8 -13  0.93 10137047 RW3DC         KO85
201122 154030   5.5 -10  1.02 10137265 EA3HKA        JN11
201122 154045   7.4  -7  0.82 10136305 R6LE          LN07
201122 154045   1.6 -13  1.01 10136891 OH1NHX        KP01
201122 154045 118.6  19  1.11 10136959 IK7JVE            
201122 154045   9.6  -8  1.03 10137094 R1BEQ             
201122 154045   4.0 -14  1.68 10137233 RA5BQ             
201122 154045  13.5   9  1.27 10137358 OH6RX             
201122 154045   7.5  -6  0.99 10137908 EA4FME        IN80
201122 154045   4.4 -13  1.22 10138053 SM2A          KP04
201122 154045  18.0  -3  1.04 10138290 R1AV              
201122 154045  16.6   7  0.99 10138605 R2RA              
201122 154045  19.4   3  1.03 10137316 EA4T              
201122 154045   3.0  -4  0.96 10137371 EA1EAU            
201122 154045   9.1  -3 -0.11 10138600 TA1K              
201122 154000  11.7  -5  1.02 14074463 PD0WAG        JO21
201122 154000   2.0 -13  1.05 14074758 KA5SYP        FM18
201122 154000   3.2 -10  1.08 14074854 WE9V              
201122 154000   3.6  -9  1.25 14074985 F1SEN         IN96
201122 154000   1.6 -15  1.04 14075651 HB9ACA            
201122 154000   3.9  -6  1.07 14075755 K4WMS             
201122 154000 115.6  20 -0.41 14075868 EA4DUA            
201122 154000   3.6 -14  1.04 14076101 VA1RJR            
201122 154000   3.5 -11  1.56 14076473 KP2B              
201122 154015  81.3   6  1.11 14074635 WW1WW         FN43
201122 154015  14.1  -4  1.01 14074707 KB1OIQ            
201122 154015  43.2   4  1.05 14074890 CT7AQD        IN50
201122 154015  18.7   9  1.08 14076028 CT1CVT            
201122 154015   3.8 -12  1.01 14076567 DF1KW         JO31
201122 154030  11.5   0  1.06 14075755 K4WMS             
201122 154030  21.8  14 -0.40 14075868 EA4DUA            
201122 154030   3.8 -12  1.02 14076101 VA1RJR            
201122 154030   4.7  -8  1.06 14076474 KP2B              
201122 154030   3.7 -11  1.19 14075746 PD0IFI        JO32
201122 154045  40.2   3  1.11 14074635 WW1WW         FN43
201122 154045  14.9  -2  1.01 14074707 KB1OIQ            
201122 154045  16.3   1  1.00 14074890 CT7AQD        IN50
201122 154045  11.6  -7  1.02 14075653 PD0WAG        JO21
201122 154045   5.8 -11 -2.42 14075854 BD9BI             
201122 154045  14.1   4  1.08 14076027 CT1CVT            
