201122 192000   2.5 -14  1.05  3573150 UR5FA             
201122 192000  11.4   9  1.04  3573306 PF7DKW        JO21
201122 192000   3.9 -13  1.06  3573401 PC2J          JO22
201122 192000   3.5  -1  1.24  3573525 F5MXH         JN07
201122 192000   4.6   2  1.14  3573682 G0LUH         IO91
201122 192000  27.3   6  1.30  3573720 F4CTJ         JN09
201122 192000   3.2  -8  1.09  3573800 F4UJU         JN06
201122 192000  10.7  -7  1.02  3574062 F8FTY             
201122 192000  10.1   7  0.94  3574159 DL1HDL        JO53
201122 192000   4.0   3  1.54  3574479 DO6DP         JO42
201122 192000   9.0   5  0.83  3574554 SK0TM         JO86
201122 192000   8.5  -7  1.01  3574713 ON5CDG        JO10
201122 192000  18.6   9 -0.12  3574781 HB9FMT        JN37
201122 192000   5.9  -5  0.98  3574844 DJ1TU         JN48
201122 192000   9.3  -8  1.23  3575023 G3YSK         IO91
201122 192000   9.6   1  1.01  3575101 DF3IS             
201122 192000  12.3   5  1.07  3575147 DO7NHK        JO50
201122 192000   7.2 -10  1.02  3575321 DL1TS             
201122 192000  13.0   0  1.06  3575464 DK5SV         JO40
201122 192000   8.9  -5  1.06  3575585 DL2TR         JN49
201122 192000   7.5  -9  0.87  3575627 DL5SFC        JN48
201122 192000  16.5  -3  1.01  3575725 DL1SVA        JO64
201122 192000  21.4   6  1.69  3575950 G0VXE             
201122 192000  14.5  -5  1.03  3573503 HF9D          JO90
201122 192000   7.7   1  0.94  3574168 DF2WF             
201122 192000   5.7  -6  1.71  3575151 OE2WAO            
201122 192015   1.9 -10  1.01  3573196 9A4ZM             
201122 192015   7.4  -4  1.00  3573397 YO7CFD        KN14
201122 192015   5.3  -8  1.85  3573550 YO9IE             
201122 192015   7.9  -4  1.00  3573596 RC5F              
201122 192015   3.7 -11  1.18  3573648 LY3TW             
201122 192015   4.6  -7  1.03  3573802 DO1LUK        JO42
201122 192015  24.7   3  0.98  3573867 DL7LE             
201122 192015  34.5   1  1.02  3573944 F5GHP             
201122 192015  23.0   7  1.05  3574028 DO9KIP            
201122 192015   3.2 -12  1.87  3574117 RA3DAD        KO95
201122 192015   3.2 -10  1.20  3574211 PA3CWI        JO11
201122 192015  21.1   3  1.12  3574276 HB9EFK        JN47
201122 192015  11.6   0  1.22  3574415 2E0FQT        IO93
201122 192015   7.3   4  0.66  3574472 DL4SZB        JO63
201122 192015   4.9  -8  1.08  3574546 9A2KS         JN65
201122 192015  26.0   5  0.99  3574601 GX4BJC/A          
201122 192015  17.0   5  1.00  3574777 F4EGA         JO10
201122 192015  20.8   0  1.08  3574953 DO9GP             
201122 192015  12.8  10  1.02  3575023 ON3NR             
201122 192015   6.2 -10  1.02  3575091 IQ8BB         JN70
201122 192015   4.9  -8  2.19  3575676 SQ9CXE            
201122 192015   5.3  -7  1.12  3575834 G3ZRN         IO83
201122 192015   8.0  -3  1.09  3574265 SP2BAS            
201122 192015   6.2  -3 -0.37  3574616 DK9GJ             
201122 192015  42.7   0  1.11  3574734 SP3DOF        JO72
201122 192015  12.1   3  1.28  3575029 DH7KU             
201122 192030   3.1 -11  1.06  3573150 UR5FA             
201122 192030   2.1  -9  1.06  3573402 PC2J          JO22
201122 192030   7.8   1  1.21  3573525 F5MXH         JN07
201122 192030  17.2   6  1.11  3573720 F4CTJ         JN09
201122 192030   3.7  -5  1.08  3573800 F4UJU         JN06
201122 192030   5.4   3  1.03  3573877 DH1KU         JO30
201122 192030   4.8  -3  0.41  3573944 LA1XFA        JO59
201122 192030   6.1   7  0.95  3574159 DL1HDL            
201122 192030   6.1  -1  1.01  3574323 DF3IS         JN49
201122 192030   8.6   7  0.83  3574555 SK0TM             
201122 192030  11.2  -5  1.00  3574645 IQ2UL         JN46
201122 192030   3.5  -4  1.00  3574713 ON5CDG        JO10
201122 192030  18.9  12 -0.12  3574781 HB9FMT        JN37
201122 192030  12.6  -5  0.96  3574844 DJ1TU             
201122 192030   3.8  -9  1.24  3575023 G3YSK             
201122 192030   8.6   2  1.13  3575082 IK4RSR            
201122 192030  14.7   7  1.09  3575146 DO7NHK        JO50
201122 192030  15.0  -5  1.02  3575321 DL1TS         JN58
201122 192030   9.4   0  1.05  3575464 DK5SV         JO40
201122 192030   4.9  -8  0.85  3575627 DL5SFC        JN48
201122 192030  19.8   4  1.01  3575725 DL1SVA        JO64
201122 192030  13.1   2  1.88  3575771 YL2CB             
201122 192030   1.9 -13  1.09  3575833 DO1CR         JN57
201122 192030  23.5  10  1.69  3575950 G0VXE         IO94
201122 192030   1.7  -2  1.03  3573504 HF9D          JO90
201122 192030   9.6  -8  1.02  3573550 OZ8BLR            
201122 192030  23.5   1  1.14  3573682 G0LUH         IO91
201122 192030   4.2  -8  0.68  3573807 IZ1SAI        JN45
201122 192030   1.6 -16  1.01  3575028 IW1ALW        JN35
201122 192045   3.7  -5  1.00  3573397 YO7CFD        KN14
201122 192045   4.4  -8  1.77  3573550 YO9IE             
201122 192045   9.4  -6  1.00  3573596 RC5F          KO85
201122 192045   2.8 -13  1.18  3573648 LY3TW             
201122 192045   9.8   1  1.00  3573751 DO6TW         JO52
201122 192045  26.0  -1  1.02  3573801 DO1LUK        JO42
201122 192045  31.4  10  0.98  3573867 DL7LE             
201122 192045  48.9   5  1.03  3574028 DO9KIP            
201122 192045  10.6   6  1.12  3574275 HB9EFK        JN47
201122 192045  21.8   7  0.65  3574419 DL4SZB        JO63
201122 192045   5.8  -8  1.10  3574546 9A2KS         JN65
201122 192045  45.5   9  0.98  3574601 GX4BJC/A          
201122 192045  16.5   6  1.00  3574702 F4EGA             
201122 192045  10.7 -11  1.19  3574875 EC3A              
201122 192045  11.6  -4  1.09  3574953 DO9GP             
201122 192045  13.0   9  1.03  3575023 ON3NR             
201122 192045   1.6 -12  1.04  3575091 IQ8BB             
201122 192045  19.4   5  1.00  3575275 F4FYE         JN39
201122 192045  19.6  -9  2.18  3575676 SQ9CXE            
201122 192045  14.8   2  1.12  3575834 G3ZRN         IO83
201122 192045   4.1  -8  1.30  3575894 YO7CW             
201122 192045   7.8  -3  1.08  3574265 SP2BAS            
201122 192045   5.9  -6 -0.36  3574616 DK9GJ             
201122 192045  13.4   1  1.09  3574734 SP3DOF        JO72
201122 192045   5.0  -4  1.05  3575029 DH7KU             
201122 192000   2.5 -14  1.05  3573150 UR5FA             
201122 192000  11.4   9  1.04  3573306 PF7DKW        JO21
201122 192000   3.9 -13  1.06  3573401 PC2J          JO22
201122 192000   3.5  -1  1.24  3573525 F5MXH         JN07
201122 192000   4.6   2  1.14  3573682 G0LUH         IO91
201122 192000  27.5   6  1.30  3573720 F4CTJ         JN09
201122 192000   3.2  -8  1.09  3573800 F4UJU         JN06
201122 192000  10.7  -7  1.02  3574062 F8FTY             
201122 192000  10.1   7  0.94  3574159 DL1HDL        JO53
201122 192000   4.6   4  1.54  3574480 DO6DP         JO42
201122 192000   9.0   5  0.83  3574554 SK0TM         JO86
201122 192000   8.6  -7  1.01  3574713 ON5CDG        JO10
201122 192000  18.6   9 -0.12  3574781 HB9FMT        JN37
201122 192000   6.0  -5  0.98  3574844 DJ1TU         JN48
201122 192000   9.4  -8  1.23  3575023 G3YSK         IO91
201122 192000   9.6   1  1.01  3575101 DF3IS             
201122 192000  12.4   5  1.07  3575147 DO7NHK        JO50
201122 192000   7.3 -10  1.02  3575321 DL1TS             
201122 192000  13.1   0  1.06  3575464 DK5SV         JO40
201122 192000   9.0  -5  1.06  3575585 DL2TR         JN49
201122 192000   7.6  -9  0.87  3575627 DL5SFC        JN48
201122 192000  16.6  -3  1.01  3575725 DL1SVA        JO64
201122 192000  21.6   6  1.69  3575950 G0VXE             
201122 192000  14.7  -5  1.03  3573503 HF9D          JO90
201122 192000   7.6   1  0.94  3574168 DF2WF             
201122 192000   5.7  -6  1.71  3575151 OE2WAO            
201122 192015   1.9  -9  1.01  3573196 9A4ZM             
201122 192015   7.5  -4  1.00  3573397 YO7CFD        KN14
201122 192015   5.4  -8  1.85  3573550 YO9IE             
201122 192015   8.2  -4  1.00  3573596 RC5F              
201122 192015   3.8 -10  1.17  3573648 LY3TW             
201122 192015   4.6  -7  1.03  3573802 DO1LUK        JO42
201122 192015  25.2   3  0.98  3573867 DL7LE             
201122 192015  34.3   1  1.02  3573944 F5GHP             
201122 192015  23.1   7  1.05  3574028 DO9KIP            
201122 192015   3.2 -12  1.87  3574117 RA3DAD        KO95
201122 192015   3.3 -10  1.20  3574211 PA3CWI        JO11
201122 192015  21.3   3  1.12  3574276 HB9EFK        JN47
201122 192015  11.6   0  1.22  3574415 2E0FQT        IO93
201122 192015   8.0   4  0.66  3574472 DL4SZB        JO63
201122 192015   4.6  -8  1.08  3574546 9A2KS         JN65
201122 192015  26.5   5  0.99  3574601 GX4BJC/A          
201122 192015  17.4   5  1.00  3574777 F4EGA         JO10
201122 192015  20.3   0  1.08  3574953 DO9GP             
201122 192015  12.9  10  1.02  3575023 ON3NR             
201122 192015   6.3 -10  1.02  3575091 IQ8BB         JN70
201122 192015   5.0  -8  2.19  3575676 SQ9CXE            
201122 192015   5.4  -7  1.12  3575834 G3ZRN         IO83
201122 192015   7.6  -3  1.09  3574265 SP2BAS            
201122 192015   6.2  -3 -0.37  3574616 DK9GJ             
201122 192015  42.7   0  1.11  3574734 SP3DOF        JO72
201122 192015  12.1   3  1.28  3575029 DH7KU             
201122 192030   3.0 -11  1.06  3573150 UR5FA             
201122 192030   2.1  -9  1.06  3573402 PC2J          JO22
201122 192030   7.8   1  1.21  3573525 F5MXH         JN07
201122 192030  17.3   6  1.11  3573720 F4CTJ         JN09
201122 192030   3.7  -6  1.07  3573800 F4UJU         JN06
201122 192030   5.5   3  1.03  3573877 DH1KU         JO30
201122 192030   4.8  -3  0.41  3573944 LA1XFA        JO59
201122 192030   6.2   7  0.95  3574159 DL1HDL            
201122 192030   6.1  -1  1.01  3574323 DF3IS         JN49
201122 192030   8.4   7  0.83  3574555 SK0TM             
201122 192030  11.1  -5  1.00  3574645 IQ2UL         JN46
201122 192030   3.5  -4  1.00  3574713 ON5CDG        JO10
201122 192030  18.9  12 -0.12  3574781 HB9FMT        JN37
201122 192030  12.6  -5  0.96  3574844 DJ1TU             
201122 192030   3.9  -9  1.24  3575023 G3YSK             
201122 192030   8.6   2  1.13  3575082 IK4RSR            
201122 192030  14.8   7  1.09  3575146 DO7NHK        JO50
201122 192030  15.1  -5  1.02  3575321 DL1TS         JN58
201122 192030   9.4   0  1.05  3575464 DK5SV         JO40
201122 192030   4.8  -8  0.85  3575627 DL5SFC        JN48
201122 192030  20.0   4  1.01  3575725 DL1SVA        JO64
201122 192030  13.1   2  1.88  3575771 YL2CB             
201122 192030   2.0 -13  1.09  3575833 DO1CR         JN57
201122 192030  23.5  10  1.69  3575950 G0VXE         IO94
201122 192030   1.7  -2  1.03  3573504 HF9D          JO90
201122 192030   9.8  -8  1.02  3573550 OZ8BLR            
201122 192030  23.3   1  1.14  3573682 G0LUH         IO91
201122 192030   4.6  -9  0.68  3573807 IZ1SAI        JN45
201122 192045   3.8  -5  1.00  3573397 YO7CFD        KN14
201122 192045   4.4  -8  1.77  3573550 YO9IE             
201122 192045   9.5  -6  1.00  3573596 RC5F          KO85
201122 192045   2.8 -13  1.18  3573648 LY3TW             
201122 192045   9.9   1  1.00  3573751 DO6TW         JO52
201122 192045  26.0  -1  1.02  3573801 DO1LUK        JO42
201122 192045  31.6  10  0.98  3573867 DL7LE             
201122 192045  48.8   5  1.03  3574028 DO9KIP            
201122 192045  10.6   6  1.12  3574275 HB9EFK        JN47
201122 192045  21.9   7  0.65  3574419 DL4SZB        JO63
201122 192045   6.2  -8  1.10  3574546 9A2KS         JN65
201122 192045  45.8   9  0.98  3574601 GX4BJC/A          
201122 192045  16.9   6  1.00  3574702 F4EGA             
201122 192045  10.4 -11  1.19  3574875 EC3A              
201122 192045  12.1  -4  1.09  3574953 DO9GP             
201122 192045  13.0   9  1.03  3575023 ON3NR             
201122 192045   1.6 -12  1.04  3575091 IQ8BB             
201122 192045  19.4   5  1.00  3575275 F4FYE         JN39
201122 192045  19.7  -9  2.19  3575676 SQ9CXE            
201122 192045  14.8   2  1.12  3575834 G3ZRN         IO83
201122 192045   4.1  -8  1.30  3575894 YO7CW             
201122 192045   7.6  -3  1.08  3574265 SP2BAS            
201122 192045   5.9  -5 -0.36  3574616 DK9GJ             
201122 192045  13.2   1  1.09  3574734 SP3DOF        JO72
201122 192045   5.0  -4  1.05  3575029 DH7KU             
201122 192000   2.5 -14  1.05  3573150 UR5FA             
201122 192000  11.5   9  1.04  3573306 PF7DKW        JO21
201122 192000   4.0 -13  1.06  3573401 PC2J          JO22
201122 192000   3.5  -1  1.24  3573525 F5MXH         JN07
201122 192000   4.7   2  1.14  3573682 G0LUH         IO91
201122 192000  27.6   6  1.30  3573720 F4CTJ         JN09
201122 192000   3.2  -8  1.09  3573800 F4UJU         JN06
201122 192000  10.8  -7  1.02  3574062 F8FTY             
201122 192000  10.1   7  0.94  3574159 DL1HDL        JO53
201122 192000   4.3   4  1.54  3574480 DO6DP         JO42
201122 192000   9.1   5  0.83  3574554 SK0TM         JO86
201122 192000   8.6  -7  1.01  3574713 ON5CDG        JO10
201122 192000  18.7   9 -0.12  3574781 HB9FMT        JN37
201122 192000   6.0  -5  0.98  3574844 DJ1TU         JN48
201122 192000   9.6  -8  1.23  3575023 G3YSK         IO91
201122 192000   9.7   1  1.01  3575101 DF3IS             
201122 192000  12.5   5  1.07  3575147 DO7NHK        JO50
201122 192000   7.4 -10  1.02  3575321 DL1TS             
201122 192000  13.1   0  1.06  3575464 DK5SV         JO40
201122 192000   9.0  -5  1.06  3575585 DL2TR         JN49
201122 192000   7.6  -9  0.87  3575627 DL5SFC        JN48
201122 192000  16.7  -3  1.01  3575725 DL1SVA        JO64
201122 192000  21.6   6  1.69  3575950 G0VXE             
201122 192000  14.8  -5  1.03  3573503 HF9D          JO90
201122 192000   7.7   1  0.94  3574168 DF2WF             
201122 192000   5.7  -6  1.71  3575151 OE2WAO            
201122 192015   1.9 -10  1.01  3573196 9A4ZM             
201122 192015   7.4  -4  1.00  3573397 YO7CFD        KN14
201122 192015   5.3  -8  1.85  3573550 YO9IE             
201122 192015   8.1  -4  1.00  3573596 RC5F              
201122 192015   3.7 -11  1.18  3573648 LY3TW             
201122 192015   4.5  -7  1.03  3573802 DO1LUK        JO42
201122 192015  24.9   3  0.98  3573867 DL7LE             
201122 192015  34.0   1  1.02  3573944 F5GHP             
201122 192015  22.9   7  1.05  3574028 DO9KIP            
201122 192015   3.3 -12  1.87  3574117 RA3DAD        KO95
201122 192015   3.3 -10  1.20  3574211 PA3CWI        JO11
201122 192015  21.1   3  1.12  3574276 HB9EFK        JN47
201122 192015  11.5   0  1.22  3574415 2E0FQT        IO93
201122 192015   8.0   4  0.66  3574472 DL4SZB        JO63
201122 192015   5.0  -8  1.08  3574546 9A2KS         JN65
201122 192015  26.0   5  0.99  3574601 GX4BJC/A          
201122 192015  17.2   5  1.00  3574777 F4EGA         JO10
201122 192015  20.4   0  1.08  3574953 DO9GP             
201122 192015  12.8  10  1.02  3575023 ON3NR             
201122 192015   6.3 -10  1.02  3575091 IQ8BB         JN70
201122 192015   5.0  -8  2.19  3575676 SQ9CXE            
201122 192015   5.5  -7  1.12  3575834 G3ZRN         IO83
201122 192015   7.7  -3  1.09  3574265 SP2BAS            
201122 192015   6.3  -3 -0.37  3574616 DK9GJ             
201122 192015  43.1   0  1.11  3574734 SP3DOF        JO72
201122 192015  12.2   3  1.28  3575029 DH7KU             
201122 192030   3.0 -11  1.06  3573150 UR5FA             
201122 192030   2.1  -9  1.06  3573402 PC2J          JO22
201122 192030   7.8   1  1.21  3573525 F5MXH         JN07
201122 192030  17.4   6  1.11  3573720 F4CTJ         JN09
201122 192030   3.7  -5  1.08  3573800 F4UJU         JN06
201122 192030   5.5   3  1.03  3573877 DH1KU         JO30
201122 192030   6.2   7  0.95  3574159 DL1HDL            
201122 192030   6.1  -1  1.01  3574323 DF3IS         JN49
201122 192030   8.5   7  0.83  3574555 SK0TM             
201122 192030  11.2  -5  1.00  3574645 IQ2UL         JN46
201122 192030   3.5  -4  1.00  3574713 ON5CDG        JO10
201122 192030  18.9  12 -0.12  3574781 HB9FMT        JN37
201122 192030  12.7  -5  0.96  3574844 DJ1TU             
201122 192030   3.9  -9  1.24  3575023 G3YSK             
201122 192030   8.6   2  1.13  3575082 IK4RSR            
201122 192030  14.8   7  1.09  3575146 DO7NHK        JO50
201122 192030  15.2  -5  1.02  3575321 DL1TS         JN58
201122 192030   9.3   0  1.05  3575464 DK5SV         JO40
201122 192030   4.8  -8  0.85  3575627 DL5SFC        JN48
201122 192030  20.0   4  1.01  3575725 DL1SVA        JO64
201122 192030  13.1   2  1.88  3575771 YL2CB             
201122 192030   2.0 -13  1.09  3575833 DO1CR         JN57
201122 192030  23.5  10  1.69  3575950 G0VXE         IO94
201122 192030   1.8  -2  1.03  3573504 HF9D          JO90
201122 192030   9.7  -8  1.02  3573550 OZ8BLR            
201122 192030  23.6   1  1.14  3573682 G0LUH         IO91
201122 192030   4.2  -9  0.68  3573807 IZ1SAI        JN45
201122 192030   6.0  -1  0.41  3573944 LA1XFA        JO59
201122 192030   1.5 -16  1.01  3575028 IW1ALW        JN35
201122 192045   3.8  -5  1.00  3573397 YO7CFD        KN14
201122 192045   4.4  -8  1.77  3573550 YO9IE             
201122 192045   9.6  -6  1.00  3573596 RC5F          KO85
201122 192045   2.8 -13  1.18  3573648 LY3TW             
201122 192045   9.8   1  1.00  3573751 DO6TW         JO52
201122 192045  26.0  -1  1.02  3573801 DO1LUK        JO42
201122 192045  31.7  10  0.98  3573867 DL7LE             
201122 192045  48.7   5  1.03  3574028 DO9KIP            
201122 192045  10.6   6  1.12  3574275 HB9EFK        JN47
201122 192045  21.9   7  0.65  3574419 DL4SZB        JO63
201122 192045   6.6  -8  1.10  3574546 9A2KS         JN65
201122 192045  45.7   9  0.98  3574601 GX4BJC/A          
201122 192045  16.8   6  1.00  3574702 F4EGA             
201122 192045  10.4 -11  1.19  3574875 EC3A              
201122 192045  12.1  -4  1.09  3574953 DO9GP             
201122 192045  13.0   9  1.03  3575023 ON3NR             
201122 192045   1.6 -12  1.04  3575091 IQ8BB             
201122 192045  19.5   5  1.00  3575275 F4FYE         JN39
201122 192045  19.3  -9  2.19  3575676 SQ9CXE            
201122 192045  14.8   2  1.12  3575834 G3ZRN         IO83
201122 192045   4.1  -8  1.30  3575894 YO7CW             
201122 192045   7.8  -3  1.08  3574265 SP2BAS            
201122 192045   6.1  -5 -0.36  3574616 DK9GJ             
201122 192045  13.3   1  1.09  3574734 SP3DOF        JO72
201122 192045   5.1  -4  1.05  3575029 DH7KU             
201122 192000   2.5 -14  1.05  3573150 UR5FA             
201122 192000  11.4   9  1.04  3573306 PF7DKW        JO21
201122 192000   3.9 -13  1.06  3573401 PC2J          JO22
201122 192000   3.5  -1  1.24  3573525 F5MXH         JN07
201122 192000   4.6   2  1.14  3573682 G0LUH         IO91
201122 192000  27.4   6  1.30  3573720 F4CTJ         JN09
201122 192000   3.2  -8  1.09  3573800 F4UJU         JN06
201122 192000  10.8  -7  1.02  3574062 F8FTY             
201122 192000  10.1   7  0.94  3574159 DL1HDL        JO53
201122 192000   5.2   4  1.53  3574480 DO6DP         JO42
201122 192000   8.8   5  0.83  3574554 SK0TM         JO86
201122 192000   8.5  -7  1.01  3574713 ON5CDG        JO10
201122 192000  18.6   9 -0.12  3574781 HB9FMT        JN37
201122 192000   5.9  -5  0.98  3574844 DJ1TU         JN48
201122 192000   9.3  -8  1.23  3575023 G3YSK         IO91
201122 192000   9.6   1  1.01  3575101 DF3IS             
201122 192000  12.3   5  1.07  3575147 DO7NHK        JO50
201122 192000   7.1 -10  1.02  3575321 DL1TS             
201122 192000  13.1   0  1.06  3575464 DK5SV         JO40
201122 192000   8.9  -5  1.06  3575585 DL2TR         JN49
201122 192000   7.5  -9  0.87  3575627 DL5SFC        JN48
201122 192000  16.7  -3  1.01  3575725 DL1SVA        JO64
201122 192000  21.5   6  1.69  3575950 G0VXE             
201122 192000  14.7  -5  1.03  3573503 HF9D          JO90
201122 192000   7.7   1  0.94  3574168 DF2WF             
201122 192000   8.9  -3  1.12  3574512 IK4RSR            
201122 192000   5.7  -6  1.71  3575151 OE2WAO            
201122 192015   1.8 -10  1.02  3573196 9A4ZM             
201122 192015   7.6  -4  1.00  3573397 YO7CFD        KN14
201122 192015   5.2  -8  1.85  3573550 YO9IE             
201122 192015   8.1  -4  1.00  3573596 RC5F              
201122 192015   3.7 -10  1.17  3573648 LY3TW             
201122 192015   4.6  -7  1.03  3573802 DO1LUK        JO42
201122 192015  24.7   3  0.98  3573867 DL7LE             
201122 192015  33.9   1  1.02  3573944 F5GHP             
201122 192015  23.0   7  1.05  3574028 DO9KIP            
201122 192015   3.2 -12  1.87  3574117 RA3DAD        KO95
201122 192015   3.2 -10  1.20  3574211 PA3CWI        JO11
201122 192015  21.1   3  1.12  3574276 HB9EFK        JN47
201122 192015  11.9   0  1.22  3574415 2E0FQT        IO93
201122 192015   7.2   4  0.66  3574472 DL4SZB        JO63
201122 192015   3.8  -8  1.08  3574546 9A2KS         JN65
201122 192015  26.0   5  0.99  3574601 GX4BJC/A          
201122 192015  17.3   5  1.00  3574777 F4EGA         JO10
201122 192015  20.2   0  1.08  3574953 DO9GP             
201122 192015  12.8  10  1.02  3575023 ON3NR             
201122 192015   6.3 -10  1.02  3575091 IQ8BB         JN70
201122 192015   5.0  -8  2.19  3575676 SQ9CXE            
201122 192015   5.4  -7  1.12  3575834 G3ZRN         IO83
201122 192015   7.8  -3  1.09  3574265 SP2BAS            
201122 192015   6.0  -3 -0.37  3574616 DK9GJ             
201122 192015  41.2   0  1.11  3574734 SP3DOF        JO72
201122 192015  11.9   3  1.28  3575029 DH7KU             
201122 192030   3.0 -11  1.06  3573150 UR5FA             
201122 192030   2.1  -9  1.06  3573402 PC2J          JO22
201122 192030   7.8   1  1.21  3573525 F5MXH         JN07
201122 192030  17.3   6  1.11  3573720 F4CTJ         JN09
201122 192030   3.7  -5  1.08  3573800 F4UJU         JN06
201122 192030   5.4   3  1.03  3573877 DH1KU         JO30
201122 192030   6.2   7  0.95  3574159 DL1HDL            
201122 192030   6.2  -1  1.01  3574323 DF3IS         JN49
201122 192030   8.2   7  0.83  3574555 SK0TM             
201122 192030  11.1  -5  1.00  3574645 IQ2UL         JN46
201122 192030   3.5  -4  1.00  3574713 ON5CDG        JO10
201122 192030  18.8  12 -0.12  3574781 HB9FMT        JN37
201122 192030  12.5  -5  0.96  3574844 DJ1TU             
201122 192030   3.9  -9  1.24  3575023 G3YSK             
201122 192030   8.6   2  1.13  3575082 IK4RSR            
201122 192030  14.6   7  1.09  3575146 DO7NHK        JO50
201122 192030  15.2  -5  1.02  3575321 DL1TS         JN58
201122 192030   9.4   0  1.05  3575464 DK5SV         JO40
201122 192030   4.8  -8  0.85  3575627 DL5SFC        JN48
201122 192030  19.9   4  1.01  3575725 DL1SVA        JO64
201122 192030  13.0   2  1.88  3575771 YL2CB             
201122 192030   1.9 -13  1.09  3575833 DO1CR         JN57
201122 192030  23.5  10  1.69  3575950 G0VXE         IO94
201122 192030   1.7  -2  1.03  3573504 HF9D          JO90
201122 192030   9.7  -8  1.02  3573550 OZ8BLR            
201122 192030  23.5   1  1.14  3573682 G0LUH         IO91
201122 192030   4.2  -9  0.68  3573807 IZ1SAI        JN45
201122 192045   3.8  -5  1.00  3573397 YO7CFD        KN14
201122 192045   4.4  -8  1.77  3573550 YO9IE             
201122 192045   9.7  -6  1.00  3573596 RC5F          KO85
201122 192045   2.8 -13  1.18  3573648 LY3TW             
201122 192045  10.0   1  1.00  3573751 DO6TW         JO52
201122 192045  26.3  -1  1.02  3573801 DO1LUK        JO42
201122 192045  31.8  10  0.98  3573867 DL7LE             
201122 192045  48.6   5  1.03  3574028 DO9KIP            
201122 192045  10.7   6  1.12  3574275 HB9EFK        JN47
201122 192045  22.0   7  0.65  3574419 DL4SZB        JO63
201122 192045   5.2  -8  1.10  3574546 9A2KS         JN65
201122 192045  45.9   9  0.98  3574601 GX4BJC/A          
201122 192045  16.9   6  1.00  3574702 F4EGA             
201122 192045  10.5 -11  1.19  3574875 EC3A              
201122 192045  11.8  -4  1.09  3574953 DO9GP             
201122 192045  13.1   9  1.03  3575023 ON3NR             
201122 192045   1.6 -12  1.04  3575091 IQ8BB             
201122 192045  19.4   5  1.00  3575275 F4FYE         JN39
201122 192045  19.6  -9  2.18  3575676 SQ9CXE            
201122 192045  15.0   2  1.12  3575834 G3ZRN         IO83
201122 192045   4.2  -8  1.30  3575894 YO7CW             
201122 192045   7.8  -3  1.08  3574265 SP2BAS            
201122 192045   5.8  -5 -0.36  3574616 DK9GJ             
201122 192045  13.4   1  1.09  3574734 SP3DOF        JO72
201122 192045   5.1  -4  1.05  3575029 DH7KU             
201122 192000   2.5 -14  1.05  3573150 UR5FA             
201122 192000  11.5   9  1.04  3573306 PF7DKW        JO21
201122 192000   4.0 -13  1.06  3573401 PC2J          JO22
201122 192000   3.5  -1  1.24  3573525 F5MXH         JN07
201122 192000   4.6   2  1.14  3573682 G0LUH         IO91
201122 192000  27.6   6  1.30  3573720 F4CTJ         JN09
201122 192000   3.2  -8  1.09  3573800 F4UJU         JN06
201122 192000  10.9  -7  1.02  3574062 F8FTY             
201122 192000  10.2   7  0.94  3574159 DL1HDL        JO53
201122 192000   5.1   4  1.53  3574480 DO6DP         JO42
201122 192000   8.8   5  0.83  3574554 SK0TM         JO86
201122 192000   8.6  -7  1.01  3574713 ON5CDG        JO10
201122 192000  18.6   9 -0.12  3574781 HB9FMT        JN37
201122 192000   5.9  -5  0.98  3574844 DJ1TU         JN48
201122 192000   9.4  -8  1.23  3575023 G3YSK         IO91
201122 192000   9.7   1  1.01  3575101 DF3IS             
201122 192000  12.4   5  1.07  3575147 DO7NHK        JO50
201122 192000   7.3 -10  1.02  3575321 DL1TS             
201122 192000  13.0   0  1.06  3575464 DK5SV         JO40
201122 192000   9.0  -5  1.06  3575585 DL2TR         JN49
201122 192000   7.4  -9  0.87  3575627 DL5SFC        JN48
201122 192000  16.8  -3  1.01  3575725 DL1SVA        JO64
201122 192000  21.6   6  1.69  3575950 G0VXE             
201122 192000  14.7  -5  1.03  3573503 HF9D          JO90
201122 192000   7.7   1  0.94  3574168 DF2WF             
201122 192000   8.9  -3  1.12  3574512 IK4RSR            
201122 192000   5.7  -6  1.71  3575151 OE2WAO            
201122 192015   1.9 -10  1.01  3573196 9A4ZM             
201122 192015   7.4  -4  1.00  3573397 YO7CFD        KN14
201122 192015   5.4  -8  1.85  3573550 YO9IE             
201122 192015   8.1  -4  1.00  3573596 RC5F              
201122 192015   3.7 -11  1.18  3573648 LY3TW             
201122 192015   4.6  -7  1.03  3573802 DO1LUK        JO42
201122 192015  24.8   3  0.98  3573867 DL7LE             
201122 192015  34.1   1  1.02  3573944 F5GHP             
201122 192015  23.0   7  1.05  3574028 DO9KIP            
201122 192015   3.3 -12  1.87  3574117 RA3DAD        KO95
201122 192015   3.2 -10  1.20  3574211 PA3CWI        JO11
201122 192015  21.0   3  1.12  3574276 HB9EFK        JN47
201122 192015  12.0   0  1.22  3574415 2E0FQT        IO93
201122 192015   7.0   4  0.66  3574472 DL4SZB        JO63
201122 192015   3.7  -8  1.08  3574546 9A2KS         JN65
201122 192015  26.0   5  0.99  3574601 GX4BJC/A          
201122 192015  17.3   5  1.00  3574777 F4EGA         JO10
201122 192015  20.2   0  1.08  3574953 DO9GP             
201122 192015  12.8  10  1.02  3575023 ON3NR             
201122 192015   6.3 -10  1.02  3575091 IQ8BB         JN70
201122 192015   4.9  -8  2.19  3575676 SQ9CXE            
201122 192015   5.4  -7  1.12  3575834 G3ZRN         IO83
201122 192015   7.9  -3  1.09  3574265 SP2BAS            
201122 192015   6.1  -3 -0.37  3574616 DK9GJ             
201122 192015  41.3   0  1.11  3574734 SP3DOF        JO72
201122 192015  12.0   3  1.28  3575029 DH7KU             
201122 192030   3.1 -11  1.06  3573150 UR5FA             
201122 192030   2.1  -9  1.06  3573402 PC2J          JO22
201122 192030   7.8   1  1.21  3573525 F5MXH         JN07
201122 192030  17.3   6  1.11  3573720 F4CTJ         JN09
201122 192030   3.7  -5  1.08  3573800 F4UJU         JN06
201122 192030   5.4   3  1.03  3573877 DH1KU         JO30
201122 192030   6.2   7  0.95  3574159 DL1HDL            
201122 192030   6.2  -1  1.01  3574323 DF3IS         JN49
201122 192030   8.3   7  0.83  3574555 SK0TM             
201122 192030  11.1  -5  1.00  3574645 IQ2UL         JN46
201122 192030   3.5  -4  1.00  3574713 ON5CDG        JO10
201122 192030  18.9  12 -0.12  3574781 HB9FMT        JN37
201122 192030  12.6  -5  0.96  3574844 DJ1TU             
201122 192030   3.9  -9  1.24  3575023 G3YSK             
201122 192030   8.6   2  1.13  3575082 IK4RSR            
201122 192030  14.8   7  1.09  3575146 DO7NHK        JO50
201122 192030  15.1  -5  1.02  3575321 DL1TS         JN58
201122 192030   9.4   0  1.05  3575464 DK5SV         JO40
201122 192030   4.8  -8  0.85  3575627 DL5SFC        JN48
201122 192030  19.9   4  1.01  3575725 DL1SVA        JO64
201122 192030  13.2   2  1.88  3575771 YL2CB             
201122 192030   1.9 -13  1.09  3575833 DO1CR         JN57
201122 192030  23.5  10  1.69  3575950 G0VXE         IO94
201122 192030   1.8  -2  1.03  3573504 HF9D          JO90
201122 192030   9.8  -8  1.02  3573550 OZ8BLR            
201122 192030  23.4   1  1.14  3573682 G0LUH         IO91
201122 192030   4.3  -9  0.68  3573807 IZ1SAI        JN45
201122 192045   3.9  -5  1.00  3573397 YO7CFD        KN14
201122 192045   4.4  -8  1.77  3573550 YO9IE             
201122 192045   9.6  -6  1.00  3573596 RC5F          KO85
201122 192045   2.9 -13  1.18  3573648 LY3TW             
201122 192045   9.8   1  1.00  3573751 DO6TW         JO52
201122 192045  25.8  -1  1.02  3573801 DO1LUK        JO42
201122 192045  31.7  10  0.98  3573867 DL7LE             
201122 192045  48.5   5  1.03  3574028 DO9KIP            
201122 192045  10.7   6  1.12  3574275 HB9EFK        JN47
201122 192045  21.9   7  0.65  3574419 DL4SZB        JO63
201122 192045   5.0  -8  1.10  3574546 9A2KS         JN65
201122 192045  45.6   9  0.98  3574601 GX4BJC/A          
201122 192045  16.7   6  1.00  3574702 F4EGA             
201122 192045  10.6 -11  1.19  3574875 EC3A              
201122 192045  11.6  -4  1.09  3574953 DO9GP             
201122 192045  13.1   9  1.03  3575023 ON3NR             
201122 192045   1.6 -12  1.04  3575091 IQ8BB             
201122 192045  19.4   5  1.00  3575275 F4FYE         JN39
201122 192045  19.5  -9  2.18  3575676 SQ9CXE            
201122 192045  14.6   2  1.12  3575834 G3ZRN         IO83
201122 192045   4.2  -8  1.30  3575894 YO7CW             
201122 192045   7.8  -3  1.08  3574265 SP2BAS            
201122 192045   5.7  -6 -0.36  3574616 DK9GJ             
201122 192045  13.2   1  1.09  3574734 SP3DOF        JO72
201122 192045   5.1  -4  1.05  3575029 DH7KU             
201122 192000   2.6 -14  1.05  3573150 UR5FA             
201122 192000  11.7  10  1.04  3573306 PF7DKW        JO21
201122 192000   4.1 -13  1.06  3573401 PC2J          JO22
201122 192000   3.6  -2  1.24  3573525 F5MXH         JN07
201122 192000   4.8   1  1.14  3573682 G0LUH         IO91
201122 192000  28.3   5  1.30  3573720 F4CTJ         JN09
201122 192000   3.3 -10  1.09  3573800 F4UJU         JN06
201122 192000  11.1 -10  1.02  3574062 F8FTY             
201122 192000  10.4   3  0.94  3574159 DL1HDL        JO53
201122 192000   4.6  -1  1.54  3574480 DO6DP         JO42
201122 192000   9.2   1  0.83  3574554 SK0TM         JO86
201122 192000   8.8 -11  1.01  3574713 ON5CDG        JO10
201122 192000  19.2   5 -0.12  3574781 HB9FMT        JN37
201122 192000   6.1  -8  0.98  3574844 DJ1TU         JN48
201122 192000   9.8 -11  1.23  3575023 G3YSK         IO91
201122 192000   9.9  -2  1.01  3575101 DF3IS             
201122 192000  12.6   3  1.07  3575147 DO7NHK        JO50
201122 192000   7.5 -11  1.02  3575321 DL1TS             
201122 192000  13.5  -1  1.06  3575464 DK5SV         JO40
201122 192000   9.1  -6  1.06  3575585 DL2TR         JN49
201122 192000   7.9  -9  0.87  3575627 DL5SFC        JN48
201122 192000  17.0  -3  1.01  3575725 DL1SVA        JO64
201122 192000  22.2   6  1.69  3575950 G0VXE             
201122 192000  14.9  -5  1.03  3573503 HF9D          JO90
201122 192000   7.8  -3  0.94  3574168 DF2WF             
201122 192000   5.8  -9  1.71  3575151 OE2WAO            
201122 192015   1.9 -10  1.02  3573196 9A4ZM             
201122 192015   7.6  -4  1.00  3573397 YO7CFD        KN14
201122 192015   5.3  -8  1.85  3573550 YO9IE             
201122 192015   7.9  -4  1.00  3573596 RC5F              
201122 192015   3.7 -11  1.17  3573648 LY3TW             
201122 192015   4.5  -7  1.03  3573802 DO1LUK        JO42
201122 192015  24.8   3  0.98  3573867 DL7LE             
201122 192015  34.2   1  1.02  3573944 F5GHP             
201122 192015  23.0   7  1.05  3574028 DO9KIP            
201122 192015   3.3 -12  1.87  3574117 RA3DAD        KO95
201122 192015   3.2 -10  1.20  3574211 PA3CWI        JO11
201122 192015  21.1   3  1.12  3574276 HB9EFK        JN47
201122 192015  11.7   0  1.22  3574415 2E0FQT        IO93
201122 192015   7.1   4  0.66  3574472 DL4SZB        JO63
201122 192015   4.3  -8  1.08  3574546 9A2KS         JN65
201122 192015  26.2   5  0.99  3574601 GX4BJC/A          
201122 192015  17.0   5  1.00  3574777 F4EGA         JO10
201122 192015  20.7   0  1.08  3574953 DO9GP             
201122 192015  12.8  10  1.02  3575023 ON3NR             
201122 192015   6.2 -10  1.02  3575091 IQ8BB         JN70
201122 192015   4.8  -8  2.19  3575676 SQ9CXE            
201122 192015   5.4  -7  1.12  3575834 G3ZRN         IO83
201122 192015   8.0  -3  1.09  3574265 SP2BAS            
201122 192015   6.1  -3 -0.37  3574616 DK9GJ             
201122 192015  41.9   0  1.11  3574734 SP3DOF        JO72
201122 192015  12.0   3  1.28  3575029 DH7KU             
201122 192030   3.0 -11  1.06  3573150 UR5FA             
201122 192030   2.1  -9  1.06  3573402 PC2J          JO22
201122 192030   7.9   1  1.21  3573525 F5MXH         JN07
201122 192030  17.3   6  1.11  3573720 F4CTJ         JN09
201122 192030   3.7  -5  1.08  3573800 F4UJU         JN06
201122 192030   5.5   3  1.03  3573877 DH1KU         JO30
201122 192030   4.8  -3  0.41  3573944 LA1XFA        JO59
201122 192030   6.2   7  0.95  3574159 DL1HDL            
201122 192030   6.2  -1  1.01  3574323 DF3IS         JN49
201122 192030   8.5   7  0.83  3574555 SK0TM             
201122 192030  11.3  -5  1.00  3574645 IQ2UL         JN46
201122 192030   3.5  -4  1.00  3574713 ON5CDG        JO10
201122 192030  18.9  12 -0.12  3574781 HB9FMT        JN37
201122 192030  12.6  -5  0.96  3574844 DJ1TU             
201122 192030   3.8  -9  1.24  3575023 G3YSK             
201122 192030   8.7   2  1.13  3575082 IK4RSR            
201122 192030  14.8   7  1.09  3575146 DO7NHK        JO50
201122 192030  15.1  -5  1.02  3575321 DL1TS         JN58
201122 192030   9.4   0  1.05  3575464 DK5SV         JO40
201122 192030   4.8  -8  0.85  3575627 DL5SFC        JN48
201122 192030  20.0   4  1.01  3575725 DL1SVA        JO64
201122 192030  13.1   2  1.88  3575771 YL2CB             
201122 192030   1.9 -13  1.09  3575833 DO1CR         JN57
201122 192030  23.6  10  1.69  3575950 G0VXE         IO94
201122 192030   1.7  -2  1.03  3573504 HF9D          JO90
201122 192030   9.8  -8  1.02  3573550 OZ8BLR            
201122 192030  23.5   1  1.14  3573682 G0LUH         IO91
201122 192030   4.2  -8  0.68  3573807 IZ1SAI        JN45
201122 192030   1.6 -15  1.01  3575028 IW1ALW        JN35
201122 192045   3.7  -5  1.00  3573397 YO7CFD        KN14
201122 192045   4.4  -8  1.77  3573550 YO9IE             
201122 192045   9.5  -6  1.00  3573596 RC5F          KO85
201122 192045   2.8 -13  1.18  3573648 LY3TW             
201122 192045   9.8   1  1.00  3573751 DO6TW         JO52
201122 192045  25.7  -1  1.02  3573801 DO1LUK        JO42
201122 192045  31.4  10  0.98  3573867 DL7LE             
201122 192045  48.7   5  1.03  3574028 DO9KIP            
201122 192045  10.6   6  1.12  3574275 HB9EFK        JN47
201122 192045  21.8   7  0.65  3574419 DL4SZB        JO63
201122 192045   5.3  -8  1.10  3574546 9A2KS         JN65
201122 192045  45.6   9  0.98  3574601 GX4BJC/A          
201122 192045  16.6   6  1.00  3574702 F4EGA             
201122 192045  10.7 -11  1.19  3574875 EC3A              
201122 192045  11.5  -4  1.09  3574953 DO9GP             
201122 192045  13.0   9  1.03  3575023 ON3NR             
201122 192045   1.6 -12  1.04  3575091 IQ8BB             
201122 192045  19.3   5  1.00  3575275 F4FYE         JN39
201122 192045  20.2  -9  2.19  3575676 SQ9CXE            
201122 192045  14.6   2  1.12  3575834 G3ZRN         IO83
201122 192045   4.0  -8  1.30  3575894 YO7CW             
201122 192045   7.8  -3  1.08  3574265 SP2BAS            
201122 192045   5.8  -6 -0.36  3574616 DK9GJ             
201122 192045  13.4   1  1.09  3574734 SP3DOF        JO72
201122 192045   5.0  -4  1.05  3575029 DH7KU             
