201121 194600   3.6 -14  1.08  1842596 OP20FENIKS        
201121 194600   5.4  -4  1.18  3573737 ON4JPV        JO20
201121 194600  11.4   5  1.08  3573866 OZ9GA         JO46
201121 194600   1.6 -13  1.21  3574310 EI8IU             
201121 194600   8.3  -6  0.29  3574367 DO1HDS            
201121 194600   4.7 -11  1.25  3574697 SP9BGL            
201121 194600  11.8  -1  1.11  3575505 YL2GJX        KO26
201121 194600  11.2  -4  1.24  3575882 SP6CPH        JO81
201121 194600   8.4  -5  1.17  5357353 IK4LZH        JN54
201121 194600   5.3  -3  1.18  5357737 ON4JPV        JO20
201121 194600  14.6   6  1.08  5357866 OZ9GA         JO46
201121 194600  14.7  -4  0.29  5358367 DO1HDS            
201121 194600   2.6 -12  1.13  5358687 EI3CTB            
201121 194600   3.3  -9  1.25  5358697 SP9BGL            
201121 194600   2.4   1  1.16  5358941 DM2FX             
201121 194600  11.4   0  1.11  5359505 YL2GJX        KO26
201121 194600   8.4  -4  1.24  5359882 SP6CPH        JO81
201121 194600   1.8  -8  1.61  7074208 R3WI              
201121 194600   1.6 -14  0.42  7074649 IZ8FEX            
201121 194600   3.6 -13  1.29  7074699 RC3C              
201121 194600   6.3  -6  2.43  7075143 LY2TS             
201121 194600   2.2  -6  0.89  7075189 Z33ZOD            
201121 194600   4.3  -1  2.15  7075247 OM7TJ         JN98
201121 194600   9.7  -4  2.40  7075290 EC7R          IM67
201121 194600   2.1  -4  1.03  7075528 SQ5PFI        KO12
201121 194600   3.4  -3  1.16  7075530 IQ8BI         JN70
201121 194600   3.6 -11  1.37  7075562 YL2KF         KO27
201121 194600   6.8  -6  1.08  7075601 EA4GMY        IN83
201121 194600   4.2  -9  1.11  7075857 F8FTY         IN78
201121 194600   3.8  -5  1.61  7075944 OH1FOL        KP11
201121 194600   8.4  -4  1.05  7076357 EA9QD             
201121 194600   4.3 -10  0.74  7076412 SP8LM         KN19
201121 194600   3.6   0  1.02  7076645 9A6ZB             
201121 194600   1.5 -10  1.62 10136209 R3WI              
201121 194600   2.5 -15  1.29 10136699 RC3C              
201121 194600   7.4  -8  2.43 10137143 LY2TS             
201121 194600   2.3  -7  0.89 10137189 Z33ZOD            
201121 194600   5.8  -3  2.15 10137246 OM7TJ         JN98
201121 194600   9.1  -6  2.40 10137290 EC7R          IM67
201121 194600   2.0  -6  1.03 10137528 SQ5PFI        KO12
201121 194600   4.0  -5  1.16 10137530 IQ8BI         JN70
201121 194600   3.8 -12  1.37 10137562 YL2KF         KO27
201121 194600   5.9  -7  1.08 10137602 EA4GMY        IN83
201121 194600   8.8  -7  1.61 10137944 OH1FOL        KP11
201121 194600   4.4  -9  0.67 10138009 UT2AA             
201121 194600   8.1  -5  1.05 10138357 EA9QD             
201121 194600   3.2 -12  0.74 10138412 SP8LM         KN19
201121 194600   3.7  -2  1.03 10138645 9A6ZB             
201121 194600  20.2  -5  0.67 14076009 UT2AA             
201121 194615   2.8 -14  1.14  1841020 DL8LAS        JO54
201121 194615   6.9  -1  1.08  3573795 DO7ATU            
201121 194615   4.1  -8  1.08  3574658 DO1ISE        JO71
201121 194615   2.4 -13  1.15  3574690 HA7TM         JN97
201121 194615  14.8   4  1.22  3575352 ON4BRO            
201121 194615  25.7   0  1.17  3575551 DK7DU         JO50
201121 194615  10.7   0  1.04  3575968 DH2NJS        JO50
201121 194615   6.8  -2  1.08  5357795 DO7ATU            
201121 194615   7.8  -8  1.12  5358002 4X4DK         KM71
201121 194615  12.5   4  1.23  5359352 ON4BRO            
201121 194615  30.6   1  1.17  5359551 DK7DU         JO50
201121 194615  15.4  -7  1.09  5359634 OZ2SPACE          
201121 194615   9.0   1  1.04  5359968 DH2NJS        JO50
201121 194615  18.4   3  1.22  7074570 E77AR         JN94
201121 194615   2.1 -14  0.81  7074754 F4CYH         JN26
201121 194615  10.4  -1  1.12  7075002 4X4DK         KM71
201121 194615  19.2   1  1.14  7075312 SP40RY            
201121 194615  15.2   4  0.97  7075906 EA4FME        IN80
201121 194615   3.4 -15  1.27  7076116 DL9BBE        JO31
201121 194615   2.8 -13  1.13  7076148 CU6NS             
201121 194615   5.8  -7  1.13  7076331 SV2JAO        KN10
201121 194615  15.7   0  1.09  7076634 OZ2SPACE          
201121 194615  12.7   2  0.96  7076804 SM2OTU        KP16
201121 194615  17.8   1  1.22 10136570 E77AR         JN94
201121 194615  12.7  -4  1.15 10136829 UT1EG             
201121 194615  46.5   1  1.17 10137550 US6CQ         KN69
201121 194615   3.9 -10  1.09 10137662 UY7LA         KO80
201121 194615   1.9 -12  1.13 10137730 SP7MOO            
201121 194615  20.8   2  0.97 10137906 EA4FME        IN80
201121 194615   5.2  -9  1.13 10138331 SV2JAO        KN10
201121 194615  13.7   0  0.96 10138804 SM2OTU        KP16
201121 194615   2.4  -7  0.79 14074475 R1DD              
201121 194615  15.5  -3  1.15 14074829 UT1EG             
201121 194615  67.3   4  1.17 14075550 US6CQ         KN69
201121 194615  10.1  -8  1.08 14075662 UY7LA         KO80
201121 194630   5.7  -5  1.23  3573335 IN3PPH        JN56
201121 194630  19.4  -2  0.46  3573690 ON3THC        JO10
201121 194630   4.8   4  0.64  3573811 PA3VRA        JO21
201121 194630   3.6  -6  0.92  3574097 ON5CDG        JO10
201121 194630   1.6 -18  1.11  3574374 EA1DR         IN82
201121 194630  16.1   7  0.92  3574445 F4EZJ             
201121 194630   1.8  -7  1.15  3574902 HB9GWX            
201121 194630   7.9   0  1.16  3574941 DM2FX             
201121 194630  14.0   5  0.83  3575348 DO7MIG            
201121 194630   8.0   1  1.07  3575414 OP20FENIKS        
201121 194630   3.5  -1  1.09  3575530 DF7GG         JO42
201121 194630  25.6   3  1.14  3575832 DL2TR         JN49
201121 194630   8.0  -4  1.23  5357335 IN3PPH        JN56
201121 194630   4.8 -11  1.77  5357550 YO9IE             
201121 194630  18.3  -1  0.46  5357690 ON3THC        JO10
201121 194630   5.7   5  0.64  5357811 PA3VRA        JO21
201121 194630   3.9  -6  0.92  5358097 ON5CDG        JO10
201121 194630  15.7   8  0.92  5358445 F4EZJ             
201121 194630   3.7  -5  1.16  5358902 HB9GWX            
201121 194630  17.0   5  0.83  5359348 DO7MIG            
201121 194630  29.4   3  1.14  5359832 DL2TR         JN49
201121 194630 134.4  12  1.26  7074444 E72X          JN83
201121 194630  10.2   2  1.16  7074782 R2AL          KO85
201121 194630   1.9 -14  0.07  7074849 R3PIT             
201121 194630   7.2  -6  1.14  7075318 IW9HEU        JM68
201121 194630  42.5   3  1.37  7075356 EB1LA         IN73
201121 194630   5.2  -1  1.15  7075727 EA4IF             
201121 194630   3.3  -4  1.19  7075950 DL5DQZ            
201121 194630   4.4  -8  1.79  7075995 E70E          JN83
201121 194630  30.8  17  0.94  7076587 EI8GS         IO51
201121 194630   2.3 -15  1.14  7076710 OH1EDK        KP01
201121 194630  98.8  10  1.26 10136444 E72X          JN83
201121 194630  11.0   1  1.16 10136782 R2AL          KO85
201121 194630   6.1  -6  1.14 10137318 IW9HEU        JM68
201121 194630  43.9   3  1.37 10137356 EB1LA         IN73
201121 194630   5.9  -1  1.15 10137728 EA4IF             
201121 194630   6.9  -9  1.80 10137995 E70E          JN83
201121 194630  31.0  15  0.94 10138587 EI8GS         IO51
201121 194630   8.1 -10  0.93 14076518 RL3ZA             
201121 194645  31.8  -1  1.21  3573359 I2HBW         JN45
201121 194645   9.1  -6  1.15  3573503 SP1IT         JO73
201121 194645   9.8   2  1.20  3573550 DL8MBF            
201121 194645   2.8 -10  1.12  3573866 LA5FJA            
201121 194645   7.1   3  1.12  3574021 DL8LAS        JO54
201121 194645   3.2  -9  0.69  3574202 F8CRS             
201121 194645   6.3  -2  1.12  3574355 DK1RTL            
201121 194645   6.0   3  1.16  3574514 DJ6TF             
201121 194645   7.7  -2  1.04  3574842 DL2YCP        JO31
201121 194645   5.1   0  1.11  3575297 DL1SVA            
201121 194645   8.1   9  1.12  3575766 DO1GPS        JO40
201121 194645  14.3  -5  1.14  5357503 SP1IT         JO73
201121 194645   7.8   3  1.20  5357550 DL8MBF            
201121 194645   3.9  -8  1.12  5357866 LA5FJA            
201121 194645   2.9  -3  1.12  5358312 SP40RY            
201121 194645   7.0  -2  1.12  5358355 DK1RTL            
201121 194645  22.5   7  0.14  5358515 F4FPO             
201121 194645   6.8  -1  1.04  5358842 DL2YCP        JO31
201121 194645   3.4   0  1.12  5359297 DL1SVA            
201121 194645   8.6   9  1.12  5359766 DO1GPS        JO40
201121 194645   3.9 -10  1.11  7074892 G0KPH         IO92
201121 194645   2.1  -7  1.12  7074902 MM0HVU            
201121 194645   4.5 -13  1.24  7075138 LZ2VT             
201121 194645   3.0  -7  1.37  7075304 SQ9ANS        JO90
201121 194645   7.3  -4  1.64  7075356 EA7AVH            
201121 194645  27.5  11  0.14  7075515 F4FPO             
201121 194645  10.7  -4  1.06  7076223 TF3DT             
201121 194645   3.6  -4  1.34  7076470 R2AXN             
201121 194645   3.2  -9  0.90  7076508 SY9CGZ            
201121 194645   8.2  -2  1.02  7076530 OK2UYU            
201121 194645   6.3  -6  1.53  7076714 YO6FFW        KN25
201121 194645   3.9  -8  1.25 10136899 YO4RDJ            
201121 194645   2.7 -14  1.25 10137138 LZ2VT             
201121 194645   4.8  -5  1.14 10137143 UX7UU             
201121 194645   3.8  -4  1.64 10137356 EA7AVH            
201121 194645   8.5  -6  1.03 10137359 UR3CFC            
201121 194645   3.8  -7  1.35 10138470 R2AXN             
201121 194645   2.3 -13  0.90 10138509 SY9CGZ            
201121 194645   8.5  -4  1.02 10138530 OK2UYU            
201121 194645   4.2 -10  1.52 10138713 YO6FFW        KN25
201121 194645  21.2   3  1.18 10138716 UX1VT         KN68
201121 194645   5.2  -6  1.25 14074899 YO4RDJ            
201121 194645   9.5  -3  1.14 14075143 UX7UU             
201121 194645  29.2  -4  1.03 14075359 UR3CFC            
201121 194645   4.0 -13  1.73 14075753 UX0ZAB        KN66
201121 194645  91.4   3  1.18 14076716 UX1VT         KN68
