201121 202500   2.0  -8  1.04  3573815 OZ8BLR        JO46
201121 202500   4.2 -12  1.06  3573832 OE3KNS        JN88
201121 202500  29.0   6  1.14  3574012 OZ3TT             
201121 202500   8.1  -1  1.08  3574134 DJ6TF             
201121 202500   2.3  -9  1.07  3574149 DO1CR         JN57
201121 202500   4.4   1  1.04  3574337 ON4JPV        JO20
201121 202500   4.3   0  1.05  3574527 DO1HH             
201121 202500  13.6   1  1.05  3574903 HB9GWX            
201121 202500   2.7  -4  1.05  3575191 DK5SV         JO40
201121 202500   3.4  -8  0.06  3575395 OM3PA             
201121 202500  14.7   0  0.95  5357502 DM2HEY            
201121 202500   1.9  -7  1.04  5357815 OZ8BLR        JO46
201121 202500   4.9 -11  1.06  5357832 OE3KNS        JN88
201121 202500   2.5 -15  1.01  5358257 EA7HY         IM66
201121 202500   5.2   0  1.04  5358337 ON4JPV        JO20
201121 202500   3.4   0  1.05  5358527 DO1HH             
201121 202500   7.1   0  1.06  5358903 HB9GWX            
201121 202500   2.8  -4  1.05  5359192 DK5SV         JO40
201121 202500   4.8  -9  1.03  5359710 OH1EDK        KP01
201121 202500   2.5  -9  1.01  7075257 EA7HY         IM66
201121 202500   4.9  -7  1.38  7075290 EC7R          IM67
201121 202500   4.1  -8  1.01  7075562 YL2KF         KO27
201121 202500   4.9  -4  1.14  7076003 LZ2VT             
201121 202500  11.0   9  0.76  7076114 EC5T          IM98
201121 202500   7.2  -8  1.38 10137290 EC7R          IM67
201121 202500  10.2 -10  1.99 10137342 LY2TS             
201121 202500   4.1  -9  1.02 10137562 YL2KF         KO27
201121 202500   2.4  -5  1.15 10138003 LZ2VT             
201121 202500  12.2   8  0.76 10138114 EC5T          IM98
201121 202500  10.4  -7  1.46 10138154 CT2KCK        IM59
201121 202500  11.2  -6  1.46 14076154 CT2KCK        IM59
201121 202515   9.1  15  1.15  3573358 DH8BAC            
201121 202515   4.2  -8  1.12  3573503 SP1IT             
201121 202515   1.8 -14  1.01  3573580 DO1LUK            
201121 202515   2.3  -9  0.96  3573661 LA5FJA        JP41
201121 202515   3.1  -3  1.07  3573901 DL5FCE        JO41
201121 202515   3.5  -5  0.92  3573999 DO1ISE            
201121 202515  19.5   0  0.89  3574201 PA9CC         JO32
201121 202515  10.1  -6  0.89  3574316 SP6RCK            
201121 202515   6.8  -1  1.03  3574355 DK1RTL        JO31
201121 202515   6.0  -9  0.75  3574527 SQ5PFI        KO12
201121 202515   2.7  -9  1.00  3574549 GX4BJC/A          
201121 202515   3.4 -13  1.10  3574703 DK8IOF            
201121 202515   6.2  -4  0.97  3574842 DL2YCP        JO31
201121 202515   2.5  -7  1.01  3575000 MM0HVU        IO85
201121 202515   9.3   1  1.01  3575529 DO1GPS            
201121 202515  10.0  15  1.15  5357358 DH8BAC            
201121 202515   2.1 -14  1.01  5357580 DO1LUK            
201121 202515   1.7 -10  1.04  5357632 SP2EWQ            
201121 202515   4.3  -7  0.96  5357661 LA5FJA        JP41
201121 202515   4.0  -2  1.06  5357902 DL5FCE        JO41
201121 202515   8.1  -4  0.90  5358316 SP6RCK            
201121 202515  13.1   0  1.03  5358355 DK1RTL        JO31
201121 202515   5.5  -8  0.75  5358527 SQ5PFI        KO12
201121 202515   2.0  -7  1.00  5358549 GX4BJC/A          
201121 202515   7.0 -11  1.11  5358703 DK8IOF            
201121 202515   5.3 -10  1.98  5358754 F4GRW         JN28
201121 202515   6.3  -2  0.97  5358842 DL2YCP        JO31
201121 202515   2.6  -7  1.02  5359000 MM0HVU        IO85
201121 202515   7.9   1  1.01  5359529 DO1GPS            
201121 202515   6.3  -8  1.01  7074302 OH3OJ             
201121 202515  15.6   0  1.14  7074440 SP5UFE        KO02
201121 202515   3.8   1  0.98  7074444 ES6DO         KO27
201121 202515   7.5  -1  1.03  7074633 SP2EWQ            
201121 202515   1.7 -16  1.08  7074731 RX3AM         KO85
201121 202515   9.5  -8  1.14  7074782 R2AL          KO85
201121 202515   7.7  -3  1.03  7074952 4X4DK         KM71
201121 202515   6.3  -5  1.97  7075072 R1CBS             
201121 202515  18.5   5  1.03  7075747 SP9VRY            
201121 202515   8.7  -4  1.35  7075772 IZ0BAV            
201121 202515   9.0  -3  0.85  7076803 SM2OTU            
201121 202515   4.1  -9  1.01 10136302 OH3OJ             
201121 202515  22.4  -1  1.14 10136440 SP5UFE        KO02
201121 202515   7.3  -8  1.14 10136782 R2AL          KO85
201121 202515   2.8 -10  1.13 10136957 TZ1CE             
201121 202515   7.9  -5  1.97 10137072 R1CBS             
201121 202515   3.9  -3  0.88 10137147 UR3CFC            
201121 202515  31.7   5  1.03 10137747 SP9VRY            
201121 202515  14.8  -4  1.35 10137772 IZ0BAV            
201121 202515   4.9  -8  1.02 10138330 SV2JAO        KN10
201121 202515   3.5 -11  1.03 10138713 UX1VT         KN68
201121 202515  11.6  -4  0.85 10138804 SM2OTU            
201121 202515   6.4  -3  0.88 14075147 UR3CFC            
201121 202515   9.3  -5  1.43 14075987 R7CA              
201121 202515   6.3 -12  1.44 18101988 R7CA              
201121 202530   2.1 -14  1.02  3573248 RA3RQF            
201121 202530   4.2  -1  0.95  3573503 DM2HEY            
201121 202530  10.1   3  0.96  3573750 DO6TW             
201121 202530   8.3  -3  1.07  3574100 DK3RP             
201121 202530  12.4  -7  1.01  3574690 DM5KW         JO60
201121 202530   9.6   5  1.01  3575049 5Q2J              
201121 202530  14.2   7  0.68  3575348 DO7MIG        JO31
201121 202530   6.1   0  0.95  3575414 OP20FENIKS        
201121 202530   8.7   3  0.96  5357750 DO6TW             
201121 202530   1.7 -10  1.00  5358000 SQ3TSM        JO82
201121 202530  15.1   6  1.13  5358012 OZ3TT             
201121 202530   5.4  -3  1.71  5358130 F6BPZ             
201121 202530   3.2   0  0.60  5358160 I3GXC         JN65
201121 202530   3.0   7  1.01  5359049 5Q2J              
201121 202530  14.1   8  0.68  5359348 DO7MIG        JO31
201121 202530   2.8 -11  1.02  5359402 OM7DX         JN98
201121 202530   4.5  -6  1.02  7074211 EA3IAZ            
201121 202530   5.5  -6  0.20  7074514 EA4ALK            
201121 202530  12.5   0  0.98  7074546 HA9RQ             
201121 202530  33.6   7  1.01  7074907 SP3CUG        JO82
201121 202530   4.9   0  1.04  7075050 F5MYH         JN07
201121 202530  17.6  13  1.00  7075051 EI4IWB            
201121 202530  15.5   0  1.71  7075130 F6BPZ             
201121 202530   3.2   1  0.60  7075160 I3GXC         JN65
201121 202530   3.7   1  1.10  7075180 IZ0BYM        JN61
201121 202530   8.3  -6  1.92  7075342 LY2TS             
201121 202530   7.6  -7  1.08  7075384 YU1YJ         KN13
201121 202530   2.9 -11  1.28  7075690 IU8BWU            
201121 202530  10.0   5  1.05  7076605 EI4DQ         IO51
201121 202530   4.1  -6  1.01  7076633 SP0DZ         KO02
201121 202530   8.9  -6  1.09  7076710 OH1EDK        KP01
201121 202530   3.7  -8  1.02 10136211 EA3IAZ            
201121 202530   5.9  -8  0.20 10136514 EA4ALK            
201121 202530  12.6  -1  0.98 10136546 HA9RQ             
201121 202530   3.2 -14  1.34 10136602 UA6AUA        KN94
201121 202530   2.6  -4  1.08 10136958 CT1APN        IM59
201121 202530  16.6  13  1.00 10137051 EI4IWB            
201121 202530  14.9   0  1.10 10137180 IZ0BYM        JN61
201121 202530   4.1  -6  1.08 10137384 YU1YJ         KN13
201121 202530   2.0 -10  1.28 10137689 IU8BWU            
201121 202530  15.6   2  1.21 10138280 CT1FPQ        IN50
201121 202530  10.0   3  1.05 10138605 EI4DQ         IO51
201121 202530   2.7  -7  1.01 10138633 SP0DZ         KO02
201121 202530   1.8  -4  1.01 10138645 K4ZO              
201121 202530   3.8 -11  1.34 14074602 UA6AUA        KN94
201121 202530   2.8  -9  1.16 14074958 RL3K          KO91
201121 202530   6.4   0  1.08 14074958 CT1APN        IM59
201121 202530   4.8  -7  1.08 14075577 UX7UU             
201121 202530   2.8 -11  1.12 14076137 UX7QV         KN87
201121 202530  17.6   5  1.21 14076280 CT1FPQ        IN50
201121 202530   9.8  -3  1.01 14076645 K4ZO              
201121 202545   3.9  -2  1.01  3573295 S57U              
201121 202545   3.5  -3  1.06  3574017 OK4TO         JO60
201121 202545   6.4   5  1.13  3574021 DL8LAS            
201121 202545   1.9 -17  1.07  3574754 F4GRW         JN28
201121 202545   1.9  -6  1.36  3574854 SP1IWC            
201121 202545   5.2  -6  1.09  3575237 DK7DU         JO50
201121 202545   2.3 -11  0.86  3575532 OK2UYU        JN99
201121 202545   4.4  -1  1.01  5357295 S57U              
201121 202545   6.1  -8  1.12  5357503 SP1IT             
201121 202545   4.8  -3  1.06  5358017 OK4TO         JO60
201121 202545   2.4  -5  1.35  5358854 SP1IWC            
201121 202545   4.4  -5  1.09  5359237 DK7DU         JO50
201121 202545   6.2  -8  0.99  7074452 I4WYE         JN54
201121 202545   6.0  -4  1.03  7074902 MM0HVU        IO85
201121 202545   3.1  -4  1.03  7075161 F4AWT         JN24
201121 202545   5.2  -6  1.33  7075399 HG8LXL        KN06
201121 202545   6.8  -7  1.32  7075530 EA5/ON4ANV        
201121 202545   5.8   0  1.00  7075939 EA1AKS        IN73
201121 202545   2.1  -5  0.93  7076002 IZ0OSI        JN61
201121 202545   5.3  -9  1.03 10136402 EA7KJF        IM66
201121 202545   4.9 -11  0.95 10137028 EA3IKA        JN12
201121 202545   2.0  -7  1.04 10137050 EA3HKY        JN11
201121 202545   4.3 -13  1.02 10137080 US2IW         KN88
201121 202545   4.8  -7  1.32 10137531 EA5/ON4ANV        
201121 202545   7.8  -8  1.03 14074402 EA7KJF        IM66
201121 202545  19.4   0  1.06 14074860 J69DS             
201121 202545   6.1 -11  1.02 14075081 US2IW         KN88
201121 202545   4.4 -11  1.05 14075210 WO2T              
201121 202545   2.7 -10  1.04 14075657 WK1O          FN42
201121 202545   6.8  -9  1.03 14076713 UX1VT         KN68
201121 202545   2.7 -10  1.02 14076739 RQ2Q              
201121 202545   9.2  -7  1.06 18100860 J69DS             
