201122 164600   5.9 -12  1.11  5357800 IK3OGN        JN55
201122 164600  12.2   6  0.78  5357998 SP6LHT        JO80
201122 164600  22.3  13  0.83  5358262 SP2AHM            
201122 164600  10.2  10  1.12  5358870 DL9BBE        JO31
201122 164600  10.5   8  1.52  5358958 EI6FR             
201122 164600  35.9   3  1.56  5359318 OP9T              
201122 164600   7.6  -3  1.27  7074255 RO30DX            
201122 164600   2.8 -10  1.24  7074353 EC5R              
201122 164600   7.3   1  1.03  7074476 OE3JBS        JN78
201122 164600   4.8   2  1.01  7074570 YO4RKN        KN36
201122 164600   1.9 -13  1.27  7075218 SV1EKI        KM18
201122 164600  10.2  -5  1.05  7075322 UR3ABM            
201122 164600   6.8  -8  1.28  7075363 LB7VI             
201122 164600   4.5  -5  0.38  7075382 LA1XFA            
201122 164600   3.9   4  1.07  7075414 SQ7OWX            
201122 164600   4.7   1  1.02  7075723 IY5PIS        JN53
201122 164600  25.7   3  1.01  7076156 OE1IAH            
201122 164600   1.5 -10  1.14  7076853 ES5NY         KO38
201122 164600   5.3 -12  1.26 10137569 SV1SFZ            
201122 164600   3.1 -12  1.03 10137740 CT7ABD        IM58
201122 164600   7.4  -7  1.97 10138357 ON7GB             
201122 164600   4.2  -4  1.08 14075277 EA7KIP        IM76
201122 164600  22.3   6  1.01 14075327 CU3HN         HM68
201122 164615   8.7  -7  1.00  5357634 EA7CCQ            
201122 164615  12.8   5  1.01  5357839 G8HXE             
201122 164615   8.5  -5  0.96  5358040 LA6RJA        JO38
201122 164615  15.4  10  0.98  5358223 SQ9DXJ        JO90
201122 164615  17.1   7  1.02  5359627 PA0WRS        JO21
201122 164615   5.7   0  0.86  7074360 UT5EX             
201122 164615   3.6   2  0.43  7074449 RT3D          KO84
201122 164615   2.0  -9  1.92  7075067 RX4D              
201122 164615   7.0  -8  0.77  7075631 4X5MZ             
201122 164615  17.0   2  1.08  7075762 UR6CV             
201122 164615  10.9   6  0.88  7075927 UT5VQ         KN69
201122 164615   2.0 -12  0.94  7076801 SM2OTU        KP16
201122 164615   4.9 -10  1.00 10137209 R6KEE         KN75
201122 164615  29.0  14  1.00 10137315 EA4T              
201122 164630  11.1   1  1.12  5357377 DL8LRZ        JO61
201122 164630  22.9   0  1.03  5357719 G8CVS         IO91
201122 164630  13.3   1  0.86  5357754 F4FSY         JN25
201122 164630   5.3  -5  1.05  5357848 MI0JLC            
201122 164630  17.0   9  1.02  5358623 DK2BL         JN68
201122 164630   3.5   2  1.03  5358627 DK6WA         JN49
201122 164630   7.1  -3  0.92  5359332 YL2LW         KO26
201122 164630  52.0  10  1.25  7074701 IK4ALM            
201122 164630   2.5  -8  0.81  7075026 UT0CK             
201122 164630   9.4   0  1.57  7075173 OE3GEW            
201122 164630   6.2  -6  1.77  7075552 R3LAF             
201122 164630   4.0  -6  1.12  7075560 SP5MNL            
201122 164630   2.1 -15  0.99  7075632 RV30DX            
201122 164630   1.5  -4  1.01  7076634 SP0DZ         KO02
201122 164630  16.8   1  1.07 14075745 KI8JP             
201122 164645  20.8  -1  1.06  5357449 T6AA          MM44
201122 164645  17.9  10  1.07  5358623 DJ1SL             
201122 164645   5.9   5 -0.12  5359046 F8GDP         JO10
201122 164645   6.3   1  1.34  7075024 IZ8LGZ        JN70
201122 164645  11.2   7  0.87  7076017 9A5X              
201122 164645  10.0   1  1.00  7076305 S59WT         JN76
201122 164645  13.4  -4  1.58 10136160 UR5FLF/MM         
201122 164645   4.0 -12  1.02 10136873 SV9RNG            
201122 164645  48.8   5  0.87 10136891 EA1EAU            
201122 164645   9.0  -5  1.08 10138681 UX1VT         KN68
201122 164645  17.1   5  1.00 10138712 YO3TCO            
201122 164700  10.3   8  1.12  5357299 G3VNC         IO81
201122 164700   8.7   5  1.11  5357389 G6FOV         IO70
201122 164700  33.5  11  1.11  5357566 DL5MAM        JN58
201122 164700   4.4   0  1.12  5357606 M0RNR             
201122 164700  34.8   6  1.09  5357896 M0HJS         IO81
201122 164700  12.2   1  1.10  5358012 SP6NIC        JO81
201122 164700  11.7   6  1.18  5358705 DL1FAM        JN49
201122 164700 112.7  13  1.14  5358743 F6DHD         JN38
201122 164700  10.1   8  1.15  7074517 OM7AMA            
201122 164700  15.1  11  1.56  7075745 OE4KSF        JN87
201122 164715  18.6  16  1.08  5358040 DL6LAG            
201122 164715  13.4   4  1.13  5358060 SQ4FXT        KO14
201122 164715  26.4  17  1.07  7074393 SP6NIN            
201122 164715   5.7 -13  1.07  7074722 OH3EQY        KP20
201122 164715   5.5  -3  0.88  7074833 UR5ECW            
201122 164715  10.5  -6  1.74  7074841 IQ5PJ             
201122 164715   4.6 -12  0.73  7075363 IW5CSP        JN53
201122 164715   6.5  -2  1.24  7076795 HA5WV/QRP         
201122 164715   2.8 -12  1.17 14076301 CT1CVT        IM58
201122 164730  41.4   2  1.10  5357396 GW1YQM        IO82
201122 164730  11.4  20  1.08  5357655 OV1T          JO56
201122 164730  29.5   2  1.13  5358431 ON6LR             
201122 164730   6.8  -5  0.14  5358433 DK5AN         JO51
201122 164730  10.3  -3  1.12  5358884 IK2CMI            
201122 164730  12.5  -2  1.05  5359046 DL2VLL            
201122 164730  33.1   2  2.38  5359253 IK2UEC        JN45
201122 164730   6.5  -8  1.89  7075025 EA6B              
201122 164730   3.7  -8  1.25  7075050 RL3QJ         KO90
201122 164730   7.7   0  0.69  7075099 OK2JFS        JN89
201122 164730  14.3   6  1.11  7075689 SQ6SGV        JO91
201122 164730   2.9  -3  1.24  7075754 SP7RZR            
201122 164730  10.8   0  1.36  7075793 RO7L          LN06
201122 164730  20.6   2  1.19  7075913 YU7JDE        KN05
201122 164730   2.0 -13  0.83  7075971 IU8BDY        JM88
201122 164730  12.5  -8  1.00  7076016 IK7BEF            
201122 164730   7.7  19  1.08  7076411 9A7R          JN75
201122 164730  14.5   4  1.18  7076912 IK0FUX            
201122 164730   1.9 -15  1.07 10137202 UA4CDM            
201122 164730  13.4  -4  1.32 10137797 SV1CQN        KM08
201122 164730  16.9   5  1.20 10137840 SV1NJA        KM18
201122 164745   7.6  -8  1.09  5357507 F5PGT             
201122 164745  42.5   6  1.26  5359390 DG1KPC        JO30
201122 164745  41.2  16  1.07  5359491 DK7UY             
201122 164745   8.2  -1  1.14  7074475 YL2KF         KO27
201122 164745  15.0   8  1.42  7074996 M0DPK         IO80
201122 164745   6.4  -5  0.69  7075303 R2BAA         KO85
201122 164745  28.5   5  0.78  7075564 IW5AMB            
201122 164745  13.9  19  1.12  7076480 G8BCG         IO70
201122 164745  23.3  -1  1.13  7076748 RY7F          LN04
201122 164745  12.6   5  1.37 10137268 YO9GSB        KN35
201122 164745   9.4  -1  1.05 10137423 US3LX         KN89
201122 164800  22.0  15  1.21  5357507 F5RRS             
201122 164800   2.5   2  1.08  5357945 IK2EKO            
201122 164800  11.7  -3  1.07  5358114 IK8OZZ            
201122 164800  19.9  -7  2.03  5358381 IW3HKP            
201122 164800  99.2  15  1.10  5359056 DL6NAC        JO50
201122 164800   8.1   0  1.04  5359367 EA3BMU            
201122 164800  16.9  -2  1.43  5359545 F1TRF         JN39
201122 164800   5.7  -1  1.20  7074298 YL3JO         KO27
201122 164800   2.4  -6  1.25  7074345 R7TO              
201122 164800  16.7   7  0.73  7074393 SP6RCK        JO80
201122 164800   7.4  -3  1.24  7074596 IU5IHB            
201122 164800  12.2   9  1.12  7075106 EA1TF         IN53
201122 164800   9.6   5  0.81  7075443 HA1BLA            
201122 164800   9.4  12  1.07  7075455 HA1ZW         JN86
201122 164800   3.1 -12  1.74  7075660 RK6DZ         LN04
201122 164800  11.9   3  1.06  7075866 SQ9JKG        JO90
201122 164800   4.8   7  1.43  7076240 YL2GM         KO37
201122 164800   6.2   3  0.71  7076359 MI7RTD            
201122 164800  14.2  -2  1.09 10137035 UX3HX         KN79
201122 164800  41.1   1  0.18 10137512 SV1DVZ        KM17
201122 164800  85.8   5  2.10 10137709 UX3UN             
201122 164800  30.3   3  1.21 10137966 UR4UNR            
201122 164800  39.5  12  1.11 10138579 SV2AEL        KN10
201122 164800   3.7 -10  0.83 14075561 W2AH          FN21
201122 164800   6.2  -8  1.28 14076133 US0KW         KO30
201122 164815 291.2  15  1.10  5358309 SP2QCW            
201122 164815  27.7   8  1.40  5358378 IK1GPG        JN34
201122 164815  16.8  -4  1.17  5358762 SP8ONV            
201122 164815  16.6  13  1.16  7074446 IV3GDE        JN65
201122 164815  12.7  11  1.49  7075051 YL2EA         KO26
201122 164815   3.6  -1  2.00  7075059 UA6AFE            
201122 164815  11.0  -1  1.09  7075260 EA3MGG        JN01
201122 164815   8.5  -2  0.35  7075427 US2UM         KO50
201122 164815   4.5 -12  1.14  7075799 RL30DX            
201122 164815  35.0  -4  1.11 10136250 SV1SPJ        KM18
201122 164815  37.5   3  1.15 10137151 RK4FF             
201122 164815   2.3 -10  1.91 10137624 RQ7R          KN64
201122 164830  26.2  11  1.51  5358625 OZ1AKZ        JO57
201122 164830   4.0  10 -0.52  5359045 DL1TKL            
201122 164830   8.8   5  1.32  7074361 IV3XHF        JN66
201122 164830  12.3   6  0.47  7074782 SP6EFY            
201122 164830   2.5  -2  2.47  7075145 PE1ARS        JO32
201122 164830   3.0  -5  0.84  7075926 EA3DNC        JN01
201122 164830  25.3   1  1.06  7076093 SP9JP         JO90
201122 164845  13.0   9  1.69  5359283 SP3JHY            
201122 164845   4.1  -2  1.06  7074838 ES3RM             
201122 164845   9.9   1  1.09  7074885 M0TQR         IO80
201122 164845   5.8  -8  1.08  7075789 R4ADV             
201122 164845  10.2   5  1.07  7075841 MM7BWK        IO85
201122 164845   9.4  10  1.03  7075883 9A2KS             
201122 164845   2.4 -10  1.05  7076210 SV1GE             
201122 164845  14.9  12  0.63  7076430 SP2NBH            
201122 164845   2.8 -13  1.30 10136693 F4FPR             
201122 164845   2.9 -13  1.18 10137554 A65DF             
201122 164845   8.4  -7  1.54 10137633 EA4DCE        IN80
201122 164845   6.5  -6  1.06 14076177 PD0WAG        JO21
201122 164845   6.2 -11  1.36 14076413 LB6OH         JO59
201122 164900   3.1 -14  1.09  1842027 DF6PW         JO30
201122 164900   1.5 -10  1.28  5358677 ES2HV         KO29
201122 164900   5.6  -8  1.16  5358802 SV8NAJ            
201122 164900  10.1  15  1.12  5359121 DL5DQZ        JO61
201122 164900   5.7  -5  1.38  7074861 IZ1FBC        JN44
201122 164900  17.1   5  0.23  7074910 SP3NGL        JO92
201122 164900   2.8 -12  1.11  7075213 IT9CAR            
201122 164900  11.6  -1  1.19  7075292 YO2UH         KN15
201122 164900  40.7  11  0.88  7076244 G1LQT             
201122 164900   4.2 -10  1.13 10137419 EA5YT         IM99
201122 164900   6.1  -9  1.20 10137691 4X4MF             
201122 164900  15.1   1  1.08 10138454 YO3YTT        KN34
201122 164915  14.4  -6  1.12  5358184 DG3IS         JO31
201122 164915  19.5   1  1.11  5358378 F1NQP         JN19
201122 164915   8.9   4  1.08  5358430 LY5P          KO15
201122 164915  43.0  21  1.05  7074546 OE3UKW        JN88
201122 164915  13.8   7  1.14  7075026 LY2J              
201122 164915  26.5  -4 -0.30  7075171 CT1ETP            
201122 164915   6.5   2  1.04  7075615 HA0NDN            
201122 164915   5.2   2  1.08  7075633 SP9MRP        JO90
201122 164915  10.2   5  0.57  7075736 IZ0AON        JN61
201122 164915   5.9  -9  2.13  7075981 UR3EO         KN78
201122 164915   2.6 -14  1.80  7076070 E73PY         JN93
201122 164915   1.9 -14  1.38  7076155 IK2CNC            
201122 164915  19.6   9  1.08  7076302 YU1YJ         KN13
201122 164915   2.4 -12  1.44  7076360 YO6GLT            
201122 164915   8.7  -9  0.41 10136769 RM6LD             
201122 164915  12.4  -8  1.11 10138022 UT1EG         KN67
201122 164930   5.8   1  1.18  5357302 E78AB             
201122 164930  30.9   0  1.05  5357363 F8FTY         IN78
201122 164930   2.3   4  1.08  5357778 DG3NCZ            
201122 164930   6.8   4  0.81  5357783 YU1EA         KN04
201122 164930  22.2   9  1.04  5357909 SP3CUG        JO82
201122 164930   8.5  -7  1.09  5358701 DG2SAX        JN48
201122 164930   5.3 -10  1.05  5358934 OH3KRH        KP21
201122 164930   8.6  16  1.24  5359109 DL4KUG        JO64
201122 164930   2.7  -6  1.18  5359185 LA4BPA        JP40
201122 164930   5.2  -8  1.07  5359505 SQ5FM         KO01
201122 164930 129.7   9  1.06  7074194 E79Q          JN83
201122 164930   7.2   0  1.23  7074297 PA3CPS            
201122 164930   9.9   1  1.44  7074449 YO8CRU            
201122 164930  15.7  -4  0.50  7074547 SP4GJ         KO14
201122 164930   5.0  -8  1.17  7074574 IK1DTO            
201122 164930   3.2   1  1.12  7074914 R2AL              
201122 164930   4.1  -7  1.08  7074941 YO4NF             
201122 164930  47.5  10  1.13  7075004 S51MB         JN65
201122 164930   4.3  -8  1.50  7075560 EV1P              
201122 164930  30.6   3  1.07  7076428 9A4ZM             
201122 164930   3.5  -6  0.71  7076621 UT9LB         KN89
201122 164930  37.8   6  1.07  7076632 LY1R          KO14
201122 164930  18.3   4  1.37 10138265 ER1OO         KN46
201122 164930  29.6   7  1.12 14074388 OH1NDA        KP10
201122 164930  10.9  -9  1.18 14074806 WG2Y              
201122 164930  48.2   2  1.09 14075997 OH8NW             
201122 164945  29.7  11  1.07  5358454 DF9JL             
201122 164945  26.4   2  1.07  5359056 SQ2KRR            
201122 164945  10.0   8  1.18  7074642 SQ6WZ         JO81
201122 164945  18.1  15  2.38  7074962 HG2DX         KN06
201122 164945   2.4   0  1.52  7075504 R3DOM         KO95
201122 164945   4.5  -7  1.47  7075666 E75CV         JN93
201122 164945   9.6   3  1.04  7076003 MM0HVU            
201122 164945  13.5  -2  1.06  7076092 IQ8BB         JN70
201122 164945  12.5  -3  1.08 10138056 UX7QV         KN87
201122 164945  12.9   3  1.57 10138208 YO6PQE        KN36
201122 164945   8.0  -7  0.60 10138754 OH1KAG            
201122 164945   9.5  -9  1.26 14076404 PD0IFI        JO32
201122 164945  14.6   2  1.12 14076913 KH6M              
