111111111111111001 // -7 -7.35
111111111101110010 // -142 -142.25
111111111110100010 // -94 -93.93
000000000001010001 // 81 81.41
111111111110111101 // -67 -66.62
000000000000111010 // 58 57.79
111111111111001010 // -54 -53.88
000000000000110101 // 53 52.87
111111111111001010 // -54 -53.67
000000000000110111 // 55 55.42
111111111111000110 // -58 -57.78
000000000000111100 // 60 60.34
111111111111000001 // -63 -62.92
000000000001000001 // 65 65.34
111111111110111100 // -68 -67.55
000000000001000101 // 69 69.37
111111111110111001 // -71 -70.72
000000000001000111 // 71 71.49
111111111110111000 // -72 -71.62
000000000001000111 // 71 71.0
111111111110111010 // -70 -69.52
000000000001000011 // 67 67.07
111111111111000000 // -64 -63.59
000000000000111011 // 59 58.95
111111111111001011 // -53 -53.03
000000000000101110 // 46 45.67
111111111111011011 // -37 -36.78
000000000000011010 // 26 26.2
111111111111110010 // -14 -13.79
111111111111111111 // -1 -0.67
000000000000010001 // 17 17.35
111111111111011100 // -36 -36.44
000000000000111010 // 58 58.13
111111111110101101 // -83 -82.67
000000000001101110 // 110 110.29
111111111101110011 // -141 -141.3
000000000010110000 // 176 176.05
111111111100101001 // -215 -214.95
000000000100000010 // 258 258.48
111111111011001101 // -307 -307.13
000000000101101001 // 361 361.49
111111111001011010 // -422 -422.28
000000000111101010 // 490 490.39
111111110111001001 // -567 -566.93
000000001010001101 // 653 653.24
111111110100010001 // -751 -751.06
000000001101011111 // 863 862.51
111111110000100010 // -990 -990.32
000000010001110010 // 1138 1138.16
111111101011100001 // -1311 -1311.07
000000010111101100 // 1516 1516.11
111111100100011101 // -1763 -1763.2
000000100000010011 // 2067 2066.95
111111011001101110 // -2450 -2450.05
000000101110000110 // 2950 2949.91
111111000111010000 // -3632 -3631.86
000001001000001110 // 4622 4621.76
111110011111001011 // -6197 -6197.2
000010001110011110 // 9118 9117.56
111011111110111010 // -16454 -16453.82
010001001111000010 // 70594 70593.52
000111111110110101 // 32693 32692.86
111100101100100000 // -13536 -13535.56
000010000110100111 // 8615 8615.49
111110011100110011 // -6349 -6349.16
000001001110101110 // 5038 5038.36
111110111110101101 // -4179 -4178.55
000000110111101111 // 3567 3567.43
111111001111011100 // -3108 -3108.0
000000101010111100 // 2748 2747.95
111111011001101000 // -2456 -2456.39
000000100010100110 // 2214 2214.12
111111100000100111 // -2009 -2008.64
000000011100100111 // 1831 1831.44
111111100101110100 // -1676 -1676.38
000000011000000011 // 1539 1538.98
111111101001111000 // -1416 -1415.97
000000010100011001 // 1305 1304.93
111111101101001100 // -1204 -1204.01
000000010001011000 // 1112 1111.72
111111101111111101 // -1027 -1026.88
000000001110110101 // 949 948.53
111111110010010100 // -876 -875.9
000000001100101000 // 808 808.35
111111110100010111 // -745 -745.42
000000001010101111 // 687 686.69
111111110110001000 // -632 -631.83
000000001001000101 // 581 580.51
111111110111101100 // -532 -532.46
000000000111100111 // 487 487.43
111111111001000011 // -445 -445.25
000000000110010110 // 406 405.74
111111111010001111 // -369 -368.76
000000000101001110 // 334 334.19
111111111011010010 // -302 -301.95
000000000100010000 // 272 271.89
111111111100001100 // -244 -243.89
000000000011011010 // 218 217.86
111111111100111110 // -194 -193.74
000000000010101011 // 171 171.42
111111111101101001 // -151 -150.82
000000000010000100 // 132 131.84
111111111110001110 // -114 -114.43
000000000001100011 // 99 98.53
111111111110101100 // -84 -84.09
000000000001000111 // 71 70.98
111111111111000101 // -59 -59.2
000000000000110001 // 49 48.67
111111111111011001 // -39 -39.35
000000000000011111 // 31 31.11
111111111111101000 // -24 -23.92
000000000000010010 // 18 17.68
111111111111110100 // -12 -12.31
000000000000000111 // 7 7.47
111111111111111101 // -3 -2.82
111111111111111101 // -3 -2.68
000000000000001011 // 11 10.98
111111111111100100 // -28 -27.52
000000000001000001 // 65 65.16
111111111101011001 // -167 -167.26
111111111110110001 // -79 -78.87
000000000000000011 // 3 2.53
000000000000000000
000000000000000000
000000000000000000
000000000000000000
000000000000000000
000000000000000000
000000000000000011 // 3 2.7
111111111111000101 // -59 -58.91
111111111101001111 // -177 -176.7
000000000000101010 // 42 41.57
111111111111111101 // -3 -2.81
111111111111110100 // -12 -12.0
000000000000010011 // 19 19.15
111111111111101000 // -24 -24.38
000000000000011101 // 29 29.46
111111111111011101 // -35 -35.2
000000000000101010 // 42 41.79
111111111111001111 // -49 -49.45
000000000000111010 // 58 58.17
111111111110111100 // -68 -67.99
000000000001001111 // 79 78.88
111111111110100101 // -91 -90.96
000000000001101000 // 104 104.2
111111111110001001 // -119 -118.65
000000000010000110 // 134 134.29
111111111101101001 // -151 -151.2
000000000010101001 // 169 169.4
111111111101000011 // -189 -188.93
000000000011010010 // 210 209.77
111111111100011000 // -232 -232.01
000000000100000000 // 256 255.7
111111111011100111 // -281 -280.87
000000000100110100 // 308 307.54
111111111010110000 // -336 -335.77
000000000101101110 // 366 365.61
111111111001110011 // -397 -397.15
000000000110101110 // 430 430.4
111111111000101111 // -465 -465.43
000000000111110110 // 502 502.28
111111110111100011 // -541 -541.06
000000001001000110 // 582 581.86
111111110110001111 // -625 -624.82
000000001010011110 // 670 670.1
111111110100110010 // -718 -717.9
000000001100000000 // 768 768.38
111111110011001010 // -822 -821.78
000000001101101110 // 878 878.37
111111110001010101 // -939 -938.55
000000001111101011 // 1003 1002.81
111111101111010000 // -1072 -1071.73
000000010001111010 // 1146 1146.07
111111101100110101 // -1227 -1226.76
000000010100100011 // 1315 1314.94
111111101001111100 // -1412 -1412.14
000000010111110000 // 1520 1520.49
111111100110010101 // -1643 -1642.85
000000011011110111 // 1783 1783.15
111111100001100101 // -1947 -1946.74
000000100001011110 // 2142 2141.55
111111011010110100 // -2380 -2379.71
000000101001111001 // 2681 2680.7
111111001111111011 // -3077 -3076.99
000000111000101100 // 3628 3628.21
111110111010010111 // -4457 -4456.63
000001011011100011 // 5859 5859.41
111101110110101101 // -8787 -8787.3
000100100110111100 // 18876 18875.93
010011001001111010 // 78458 78457.77
111101000111000110 // -11834 -11833.59
000001011111011110 // 6110 6109.58
111111000001111111 // -3969 -3968.7
000000101100011101 // 2845 2845.05
111111011110011001 // -2151 -2150.57
000000011010001110 // 1678 1678.01
111111101011001001 // -1335 -1335.25
000000010000110011 // 1075 1075.14
111111110010011001 // -871 -870.93
000000001011000011 // 707 706.59
111111110111000100 // -572 -571.84
000000000111001100 // 460 459.69
111111111010010011 // -365 -365.16
000000000100011101 // 285 284.72
111111111100101000 // -216 -215.84
000000000010011101 // 157 156.63
111111111110010110 // -106 -105.57
000000000000111101 // 61 61.44
111111111111101001 // -23 -23.27
111111111111110110 // -10 -9.71
000000000000100110 // 38 38.14
111111111111000001 // -63 -62.53
000000000001010011 // 83 83.3
111111111110011011 // -101 -100.83
000000000001110011 // 115 115.47
111111111110000000 // -128 -127.55
000000000010001001 // 137 137.32
111111111101101111 // -145 -145.01
000000000010010111 // 151 150.81
111111111101100101 // -155 -154.9
000000000010011101 // 157 157.43
111111111101100001 // -159 -158.56
000000000010011110 // 158 158.43
111111111101100011 // -157 -157.22
000000000010011011 // 155 155.04
111111111101101000 // -152 -152.02
000000000010010100 // 148 148.23
111111111101110000 // -144 -143.8
000000000010001011 // 139 138.84
111111111101111011 // -133 -133.43
000000000010000000 // 128 127.63
111111111110000110 // -122 -121.52
000000000001110011 // 115 115.18
111111111110010011 // -109 -108.74
000000000001100110 // 102 102.2
111111111110100000 // -96 -95.66
000000000001011001 // 89 89.21
111111111110101101 // -83 -82.98
000000000001001101 // 77 77.01
111111111110111001 // -71 -71.45
000000000001000010 // 66 66.45
111111111111000010 // -62 -62.36
000000000000111011 // 59 59.39
111111111111000110 // -58 -58.15
000000000000111011 // 59 59.19
111111111111000001 // -63 -63.24
000000000001000100 // 68 68.31
111111111111000101 // -59 -59.24
111111111101100001 // -159 -159.46
111111111111110000 // -16 -15.55
000000000000000000
000000000000000000
000000000000000000
000000000000000000
000000000000000000
000000000000000000
