111111111111100101 // -27 -26.86
111111111101010100 // -172 -171.9
111111111111101001 // -23 -23.23
000000000000110000 // 48 48.15
111111111111001100 // -52 -51.78
000000000000110100 // 52 52.4
111111111111001010 // -54 -54.12
000000000000111001 // 57 57.33
111111111111000010 // -62 -62.03
000000000001000100 // 68 67.89
111111111110110101 // -75 -74.85
000000000001010011 // 83 82.65
111111111110100101 // -91 -91.2
000000000001100100 // 100 100.39
111111111110010010 // -110 -110.22
000000000001111001 // 121 120.59
111111111101111101 // -131 -131.45
000000000010001111 // 143 142.73
111111111101100110 // -154 -154.43
000000000010100110 // 166 166.48
111111111101001101 // -179 -178.84
000000000010111111 // 191 191.44
111111111100110100 // -204 -204.26
000000000011011001 // 217 217.25
111111111100011010 // -230 -230.35
000000000011110011 // 243 243.48
111111111011111111 // -257 -256.58
000000000100001110 // 270 269.6
111111111011100110 // -282 -282.48
000000000100100111 // 295 295.08
111111111011001101 // -307 -307.32
000000000100111111 // 319 319.1
111111111010110110 // -330 -330.35
000000000101010101 // 341 340.96
111111111010100001 // -351 -350.84
000000000101101000 // 360 359.87
111111111010010000 // -368 -367.93
000000000101110111 // 375 374.85
111111111010000100 // -380 -380.43
000000000110000000 // 384 384.48
111111111001111101 // -387 -386.85
000000000110000011 // 387 387.31
111111111001111110 // -386 -385.61
000000000101111101 // 381 381.42
111111111010001010 // -374 -374.34
000000000101101100 // 364 363.85
111111111010100011 // -349 -349.37
000000000101001010 // 330 330.2
111111111011001111 // -305 -305.44
000000000100010010 // 274 273.75
111111111100010111 // -233 -233.21
000000000010110101 // 181 181.19
111111111110001110 // -114 -113.89
000000000000011001 // 25 25.43
000000000001011110 // 94 94.35
111111111011111001 // -263 -263.41
000000001000000101 // 517 517.3
111111110001010111 // -937 -937.39
000000011011100101 // 1765 1764.83
111110111111001111 // -4145 -4145.21
010100001010001111 // 82575 82574.73
000001100010011100 // 6300 6299.88
111111001010011111 // -3425 -3425.2
000000100111000110 // 2502 2501.72
111111100000000110 // -2042 -2041.67
000000011011100011 // 1763 1763.3
111111100111011010 // -1574 -1573.96
000000010110011011 // 1435 1434.79
111111101011010001 // -1327 -1326.55
000000010011010111 // 1239 1238.71
111111101101110011 // -1165 -1164.75
000000010001001101 // 1101 1100.62
111111101111101100 // -1044 -1043.73
000000001111100000 // 992 992.38
111111110001001111 // -945 -945.3
000000001110000101 // 901 901.49
111111110010100100 // -860 -860.24
000000001100110101 // 821 821.08
111111110011110000 // -784 -783.69
000000001011101100 // 748 747.8
111111110100110111 // -713 -713.21
000000001010101000 // 680 679.73
111111110101111001 // -647 -647.25
000000001001101000 // 616 615.63
111111110110110111 // -585 -584.84
000000001000101011 // 555 554.86
111111110111110010 // -526 -525.69
000000000111110001 // 497 497.3
111111111000101010 // -470 -469.66
000000000110111011 // 443 442.76
111111111001011111 // -417 -416.6
000000000110000111 // 391 391.17
111111111010010010 // -366 -366.49
000000000101010111 // 343 342.59
111111111011000000 // -320 -319.51
000000000100101001 // 297 297.25
111111111011101100 // -276 -275.81
000000000011111111 // 255 255.19
111111111100010101 // -235 -235.44
000000000011011001 // 217 216.54
111111111100111001 // -199 -198.52
000000000010110101 // 181 181.34
111111111101011011 // -165 -165.03
000000000010010110 // 150 149.6
111111111101111001 // -135 -135.09
000000000001111001 // 121 121.45
111111111110010011 // -109 -108.71
000000000001100001 // 97 96.9
111111111110101010 // -86 -86.06
000000000001001100 // 76 76.14
111111111110111101 // -67 -67.22
000000000000111011 // 59 59.32
111111111111001011 // -53 -52.57
000000000000101111 // 47 46.89
111111111111010110 // -42 -42.32
000000000000100110 // 38 38.4
111111111111011110 // -34 -33.9
000000000000010111 // 23 23.45
000000000000001011 // 11 11.29
111111111101001110 // -178 -178.04
111111111111010111 // -41 -41.39
000000000000000100 // 4 4.08
000000000000000000
000000000000000000
000000000000000000
000000000000000000
000000000000000000
000000000000000000
000000000000000000
000000000000000000
000000000000000000
000000000000000000
000000000000000000
000000000000000000
000000000000000000
000000000000000000
000000000000000000
000000000000000000
000000000000000000
000000000000000000
000000000000000000
000000000000000000
000000000000000000
000000000000000000
000000000000000000
000000000000000000
000000000000000000
000000000000000000
000000000000000000
000000000000000000
000000000000000000
000000000000000000
000000000000000000
000000000000000000
000000000000000000
000000000000000000
000000000000000000
000000000000000000
000000000000000000
000000000000000000
000000000000000000
000000000000000000
000000000000000000
000000000000000000
000000000000000000
000000000000000000
000000000000000000
000000000000000000
000000000000000000
000000000000000000
000000000000000000
000000000000000000
000000000000000000
000000000000000000
000000000000000000
000000000000000000
000000000000000000
000000000000000000
000000000000000000
000000000000000000
000000000000000000
000000000000000000
000000000000000000
000000000000000000
000000000000000000
000000000000000000
000000000000000000
000000000000000000
000000000000000000
000000000000000000
000000000000000000
000000000000000000
000000000000000000
000000000000000000
000000000000000000
000000000000000000
000000000000000000
000000000000000000
000000000000000000
000000000000000000
000000000000000000
000000000000000000
000000000000000000
000000000000000000
000000000000000000
000000000000000000
000000000000000000
000000000000000000
000000000000000000
000000000000000000
000000000000000000
000000000000000000
000000000000000000
000000000000000000
000000000000000000
000000000000000000
000000000000000000
000000000000000000
000000000000000000
000000000000000000
000000000000000000
000000000000000000
000000000000000000
000000000000000000
000000000000000000
000000000000000000
000000000000000000
000000000000000000
000000000000000000
000000000000000000
000000000000000000
000000000000000000
000000000000000000
000000000000000000
000000000000000000
000000000000000000
000000000000000000
000000000000000000
000000000000000000
000000000000000000
000000000000000000
000000000000000000
000000000000000000
000000000000000000
000000000000000000
000000000000000000
000000000000000000
000000000000000000
000000000000000000
000000000000000000
000000000000000000
000000000000000000
000000000000000000
000000000000000000
000000000000000000
000000000000000000
