111111111111111110 // -2 -1.94
111111111110000110 // -122 -121.96
111111111110000011 // -125 -124.78
000000000001010110 // 86 85.67
111111111111000011 // -61 -61.32
000000000000110000 // 48 48.33
111111111111010110 // -42 -41.94
000000000000100111 // 39 38.81
111111111111011011 // -37 -37.37
000000000000100101 // 37 36.59
111111111111011100 // -36 -36.05
000000000000100011 // 35 35.32
111111111111011110 // -34 -34.22
000000000000100001 // 33 32.56
111111111111100010 // -30 -30.3
000000000000011011 // 27 27.25
111111111111101001 // -23 -23.31
000000000000010010 // 18 18.39
111111111111110100 // -12 -12.43
000000000000000101 // 5 5.29
000000000000000011 // 3 3.12
111111111111110011 // -13 -12.93
000000000000011000 // 24 24.2
111111111111011011 // -37 -37.06
000000000000110100 // 52 51.65
111111111110111100 // -68 -68.12
000000000001010111 // 87 86.58
111111111110010101 // -107 -107.18
000000000010000010 // 130 130.09
111111111101100100 // -156 -155.52
000000000010111000 // 184 183.64
111111111100101001 // -215 -214.65
000000000011111001 // 249 248.75
111111111011100010 // -286 -286.21
000000000101000111 // 327 327.27
111111111010001100 // -372 -372.28
000000000110100110 // 422 421.61
111111111000100100 // -476 -475.72
000000001000010111 // 535 535.1
111111110110101000 // -600 -600.31
000000001010100000 // 672 671.99
111111110100010001 // -751 -750.96
000000001101000110 // 838 838.22
111111110001011001 // -935 -935.01
000000010000010011 // 1043 1042.86
111111101101110100 // -1164 -1163.7
000000010100010100 // 1300 1299.93
111111101001010001 // -1455 -1454.65
000000011001100000 // 1632 1632.02
111111100011010010 // -1838 -1837.76
000000100000100000 // 2080 2079.8
111111011010111111 // -2369 -2369.26
000000101010100011 // 2723 2722.5
111111001110100011 // -3165 -3164.82
000000111010011010 // 3738 3737.57
111110111001100000 // -4512 -4512.2
000001010111111001 // 5625 5624.58
111110001100110111 // -7369 -7368.52
000010100100011010 // 10522 10521.57
111011100110011010 // -18022 -18022.23
001110100100100010 // 59682 59681.81
001011011001010110 // 46678 46678.12
111011111000100100 // -16860 -16859.67
000010100000110011 // 10291 10291.22
111110001100011110 // -7394 -7393.55
000001011001111001 // 5753 5753.43
111110110110101100 // -4692 -4692.33
000000111101101010 // 3946 3945.82
111111001011000011 // -3389 -3389.32
000000101110001100 // 2956 2956.46
111111010111010000 // -2608 -2608.46
000000100100010001 // 2321 2321.41
111111011111100000 // -2080 -2079.75
000000011101010001 // 1873 1872.92
111111100101100011 // -1693 -1693.34
000000011000000000 // 1536 1535.52
111111101010001101 // -1395 -1395.45
000000010011110110 // 1270 1270.15
111111101101111011 // -1157 -1157.33
000000010000011111 // 1055 1055.14
111111110000111110 // -962 -962.12
000000001101101101 // 877 877.08
111111110011100001 // -799 -799.08
000000001011010111 // 727 727.32
111111110101101011 // -661 -661.2
000000001001011000 // 600 600.19
111111110111100000 // -544 -543.86
000000000111101100 // 492 491.77
111111111001000100 // -444 -443.58
000000000110001111 // 399 398.98
111111111010011010 // -358 -357.72
000000000101000000 // 320 319.58
111111111011100100 // -284 -284.37
000000000011111100 // 252 251.91
111111111100100010 // -222 -222.08
000000000011000011 // 195 194.66
111111111101010110 // -170 -169.53
000000000010010011 // 147 146.52
111111111110000010 // -126 -125.56
000000000001101011 // 107 106.52
111111111110100111 // -89 -89.26
000000000001001010 // 74 73.67
111111111111000100 // -60 -59.68
000000000000101111 // 47 47.19
111111111111011100 // -36 -36.13
000000000000011010 // 26 26.35
111111111111101110 // -18 -17.82
000000000000001010 // 10 10.44
111111111111111100 // -4 -4.14
111111111111111111 // -1 -1.25
000000000000000110 // 6 5.77
111111111111110110 // -10 -9.59
000000000000001101 // 13 12.83
111111111111110000 // -16 -15.93
000000000000010011 // 19 19.3
111111111111101000 // -24 -24.03
000000000000100000 // 32 32.01
111111111111010000 // -48 -47.8
000000000001010000 // 80 80.21
111111111101101010 // -150 -149.71
111111111110011100 // -100 -100.32
000000000000000001 // 1 1.17
000000000000000000
000000000000000000
000000000000000000
000000000000000000
000000000000000000
000000000000000000
000000000000000000
000000000000000000
000000000000000000
000000000000000000
000000000000000000
000000000000000000
000000000000000000
000000000000000000
000000000000000000
000000000000000000
000000000000000000
000000000000000000
000000000000000000
000000000000000000
000000000000000000
000000000000000000
000000000000000000
000000000000000000
000000000000000000
000000000000000000
000000000000000000
000000000000000000
000000000000000000
000000000000000000
000000000000000000
000000000000000000
000000000000000000
000000000000000000
000000000000000000
000000000000000000
000000000000000000
000000000000000000
000000000000000000
000000000000000000
000000000000000000
000000000000000000
000000000000000000
000000000000000000
000000000000000000
000000000000000000
000000000000000000
000000000000000000
000000000000000000
000000000000000000
000000000000000000
000000000000000000
000000000000000000
000000000000000000
000000000000000000
000000000000000000
000000000000000000
000000000000000000
000000000000000000
000000000000000000
000000000000000000
000000000000000000
000000000000000000
000000000000000000
000000000000000000
000000000000000000
000000000000000000
000000000000000000
000000000000000000
000000000000000000
000000000000000000
000000000000000000
000000000000000000
000000000000000000
000000000000000000
000000000000000000
000000000000000000
000000000000000000
000000000000000000
000000000000000000
000000000000000000
000000000000000000
000000000000000000
000000000000000000
000000000000000000
000000000000000000
000000000000000000
000000000000000000
000000000000000000
000000000000000000
000000000000000000
000000000000000000
000000000000000000
000000000000000000
000000000000000000
000000000000000000
000000000000000000
000000000000000000
000000000000000000
000000000000000000
000000000000000000
000000000000000000
000000000000000000
000000000000000000
000000000000000000
000000000000000000
000000000000000000
000000000000000000
000000000000000000
000000000000000000
000000000000000000
000000000000000000
000000000000000000
000000000000000000
000000000000000000
000000000000000000
000000000000000000
000000000000000000
000000000000000000
000000000000000000
000000000000000000
000000000000000000
000000000000000000
000000000000000000
000000000000000000
000000000000000000
000000000000000000
000000000000000000
000000000000000000
000000000000000000
000000000000000000
000000000000000000
000000000000000000
000000000000000000
