   0         4    0.00000608          4.08
   1         3    0.00000403          2.70
   2         3    0.00000377          2.53
   3         1    0.00000174          1.17
   4        -2   -0.00000289         -1.94
   5        -7   -0.00001095         -7.35
   6       -16   -0.00002317        -15.55
   7       -27   -0.00004003        -26.86
   8       -41   -0.00006169        -41.39
   9       -59   -0.00008781        -58.91
  10       -79   -0.00011756        -78.87
  11      -100   -0.00014953       -100.32
  12      -122   -0.00018179       -121.96
  13      -142   -0.00021202       -142.25
  14      -159   -0.00023768       -159.46
  15      -172   -0.00025623       -171.90
  16      -178   -0.00026537       -178.04
  17      -177   -0.00026338       -176.70
  18      -167   -0.00024930       -167.26
  19      -150   -0.00022314       -149.71
  20      -125   -0.00018599       -124.78
  21       -94   -0.00014001        -93.93
  22       -59   -0.00008829        -59.24
  23       -23   -0.00003463        -23.23
  24        11    0.00001682         11.29
  25        42    0.00006195         41.57
  26        65    0.00009713         65.16
  27        80    0.00011956         80.21
  28        86    0.00012769         85.67
  29        81    0.00012134         81.41
  30        68    0.00010181         68.31
  31        48    0.00007177         48.15
  32        23    0.00003496         23.45
  33        -3   -0.00000418         -2.81
  34       -28   -0.00004102        -27.52
  35       -48   -0.00007124        -47.80
  36       -61   -0.00009141        -61.32
  37       -67   -0.00009930        -66.62
  38       -63   -0.00009425        -63.24
  39       -52   -0.00007719        -51.78
  40       -34   -0.00005052        -33.90
  41       -12   -0.00001789        -12.00
  42        11    0.00001637         10.98
  43        32    0.00004772         32.01
  44        48    0.00007203         48.33
  45        58    0.00008614         57.79
  46        59    0.00008822         59.19
  47        52    0.00007810         52.40
  48        38    0.00005724         38.40
  49        19    0.00002854         19.15
  50        -3   -0.00000399         -2.68
  51       -24   -0.00003582        -24.03
  52       -42   -0.00006251        -41.94
  53       -54   -0.00008031        -53.88
  54       -58   -0.00008667        -58.15
  55       -54   -0.00008066        -54.12
  56       -42   -0.00006307        -42.32
  57       -24   -0.00003633        -24.38
  58        -3   -0.00000420         -2.82
  59        19    0.00002877         19.30
  60        39    0.00005785         38.81
  61        53    0.00007880         52.87
  62        59    0.00008852         59.39
  63        57    0.00008545         57.33
  64        47    0.00006989         46.89
  65        29    0.00004391         29.46
  66         7    0.00001114          7.47
  67       -16   -0.00002375        -15.93
  68       -37   -0.00005570        -37.37
  69       -54   -0.00007999        -53.67
  70       -62   -0.00009294        -62.36
  71       -62   -0.00009246        -62.03
  72       -53   -0.00007836        -52.57
  73       -35   -0.00005247        -35.20
  74       -12   -0.00001836        -12.31
  75        13    0.00001913         12.83
  76        37    0.00005453         36.59
  77        55    0.00008260         55.42
  78        66    0.00009905         66.45
  79        68    0.00010120         67.89
  80        59    0.00008842         59.32
  81        42    0.00006229         41.79
  82        18    0.00002635         17.68
  83       -10   -0.00001429         -9.59
  84       -36   -0.00005374        -36.05
  85       -58   -0.00008613        -57.78
  86       -71   -0.00010650        -71.45
  87       -75   -0.00011156        -74.85
  88       -67   -0.00010020        -67.22
  89       -49   -0.00007371        -49.45
  90       -24   -0.00003565        -23.92
  91         6    0.00000860          5.77
  92        35    0.00005265         35.32
  93        60    0.00008994         60.34
  94        77    0.00011478         77.01
  95        83    0.00012319         82.65
  96        76    0.00011349         76.14
  97        58    0.00008670         58.17
  98        31    0.00004637         31.11
  99        -1   -0.00000186         -1.25
 100       -34   -0.00005100        -34.22
 101       -63   -0.00009378        -62.92
 102       -83   -0.00012368        -82.98
 103       -91   -0.00013593        -91.20
 104       -86   -0.00012827        -86.06
 105       -68   -0.00010134        -67.99
 106       -39   -0.00005865        -39.35
 107        -4   -0.00000617         -4.14
 108        33    0.00004854         32.56
 109        65    0.00009739         65.34
 110        89    0.00013296         89.21
 111       100    0.00014963        100.39
 112        97    0.00014442         96.90
 113        79    0.00011758         78.88
 114        49    0.00007254         48.67
 115        10    0.00001556         10.44
 116       -30   -0.00004516        -30.30
 117       -68   -0.00010068        -67.55
 118       -96   -0.00014258        -95.66
 119      -110   -0.00016428       -110.22
 120      -109   -0.00016203       -108.71
 121       -91   -0.00013557        -90.96
 122       -59   -0.00008824        -59.20
 123       -18   -0.00002656        -17.82
 124        27    0.00004061         27.25
 125        69    0.00010340         69.37
 126       102    0.00015232        102.20
 127       121    0.00017974        120.59
 128       121    0.00018102        121.45
 129       104    0.00015532        104.20
 130        71    0.00010580         70.98
 131        26    0.00003928         26.35
 132       -23   -0.00003475        -23.31
 133       -71   -0.00010541        -70.72
 134      -109   -0.00016207       -108.74
 135      -131   -0.00019593       -131.45
 136      -135   -0.00020135       -135.09
 137      -119   -0.00017685       -118.65
 138       -84   -0.00012533        -84.09
 139       -36   -0.00005385        -36.13
 140        18    0.00002742         18.39
 141        71    0.00010655         71.49
 142       115    0.00017169        115.18
 143       143    0.00021274        142.73
 144       150    0.00022299        149.60
 145       134    0.00020016        134.29
 146        99    0.00014686         98.53
 147        47    0.00007034         47.19
 148       -12   -0.00001853        -12.43
 149       -72   -0.00010676        -71.62
 150      -122   -0.00018112       -121.52
 151      -154   -0.00023018       -154.43
 152      -165   -0.00024598       -165.03
 153      -151   -0.00022537       -151.20
 154      -114   -0.00017056       -114.43
 155       -60   -0.00008895        -59.68
 156         5    0.00000789          5.29
 157        71    0.00010583         71.00
 158       128    0.00019023        127.63
 159       166    0.00024815        166.48
 160       181    0.00027029        181.34
 161       169    0.00025250        169.40
 162       132    0.00019650        131.84
 163        74    0.00010980         73.67
 164         3    0.00000465          3.12
 165       -70   -0.00010362        -69.52
 166      -133   -0.00019889       -133.43
 167      -179   -0.00026657       -178.84
 168      -199   -0.00029590       -198.52
 169      -189   -0.00028160       -188.93
 170      -151   -0.00022480       -150.82
 171       -89   -0.00013305        -89.26
 172       -13   -0.00001928        -12.93
 173        67    0.00009997         67.07
 174       139    0.00020694        138.84
 175       191    0.00028534        191.44
 176       217    0.00032276        216.54
 177       210    0.00031267        209.77
 178       171    0.00025550        171.42
 179       107    0.00015876        106.52
 180        24    0.00003607         24.20
 181       -64   -0.00009478        -63.59
 182      -144   -0.00021434       -143.80
 183      -204   -0.00030445       -204.26
 184      -235   -0.00035092       -235.44
 185      -232   -0.00034582       -232.01
 186      -194   -0.00028877       -193.74
 187      -126   -0.00018716       -125.56
 188       -37   -0.00005524        -37.06
 189        59    0.00008786         58.95
 190       148    0.00022094        148.23
 191       217    0.00032381        217.25
 192       255    0.00038037        255.19
 193       256    0.00038112        255.70
 194       218    0.00032473        217.86
 195       147    0.00021839        146.52
 196        52    0.00007699         51.65
 197       -53   -0.00007904        -53.03
 198      -152   -0.00022659       -152.02
 199      -230   -0.00034334       -230.35
 200      -276   -0.00041110       -275.81
 201      -281   -0.00041864       -280.87
 202      -244   -0.00036353       -243.89
 203      -170   -0.00025268       -169.53
 204       -68   -0.00010154        -68.12
 205        46    0.00006807         45.67
 206       155    0.00023109        155.04
 207       243    0.00036290        243.48
 208       297    0.00044305        297.25
 209       308    0.00045839        307.54
 210       272    0.00040525        271.89
 211       195    0.00029015        194.66
 212        87    0.00012905         86.58
 213       -37   -0.00005482        -36.78
 214      -157   -0.00023434       -157.22
 215      -257   -0.00038244       -256.58
 216      -320   -0.00047623       -319.51
 217      -336   -0.00050047       -335.77
 218      -302   -0.00045006       -301.95
 219      -222   -0.00033101       -222.08
 220      -107   -0.00015976       -107.18
 221        26    0.00003906         26.20
 222       158    0.00023614        158.43
 223       270    0.00040185        269.60
 224       343    0.00051063        342.59
 225       366    0.00054496        365.61
 226       334    0.00049812        334.19
 227       252    0.00037548        251.91
 228       130    0.00019390        130.09
 229       -14   -0.00002056        -13.79
 230      -159   -0.00023634       -158.56
 231      -282   -0.00042104       -282.48
 232      -366   -0.00054626       -366.49
 233      -397   -0.00059196       -397.15
 234      -369   -0.00054964       -368.76
 235      -284   -0.00042386       -284.37
 236      -156   -0.00023180       -155.52
 237        -1   -0.00000100         -0.67
 238       157    0.00023465        157.43
 239       295    0.00043982        295.08
 240       391    0.00058304        391.17
 241       430    0.00064153        430.40
 242       406    0.00060476        405.74
 243       320    0.00047634        319.58
 244       184    0.00027371        183.64
 245        17    0.00002586         17.35
 246      -155   -0.00023088       -154.90
 247      -307   -0.00045807       -307.32
 248      -417   -0.00062095       -416.60
 249      -465   -0.00069373       -465.43
 250      -445   -0.00066366       -445.25
 251      -358   -0.00053319       -357.72
 252      -215   -0.00031994       -214.65
 253       -36   -0.00005431        -36.44
 254       151    0.00022478        150.81
 255       319    0.00047563        319.10
 256       443    0.00065994        442.76
 257       502    0.00074866        502.28
 258       487    0.00072653        487.43
 259       399    0.00059468        398.98
 260       249    0.00037077        248.75
 261        58    0.00008664         58.13
 262      -145   -0.00021614       -145.01
 263      -330   -0.00049240       -330.35
 264      -470   -0.00070004       -469.66
 265      -541   -0.00080646       -541.06
 266      -532   -0.00079364       -532.46
 267      -444   -0.00066117       -443.58
 268      -286   -0.00042659       -286.21
 269       -83   -0.00012322        -82.67
 270       137    0.00020467        137.32
 271       341    0.00050821        340.96
 272       497    0.00074123        497.30
 273       582    0.00086727        581.86
 274       581    0.00086527        580.51
 275       492    0.00073300        491.77
 276       327    0.00048781        327.27
 277       110    0.00016439        110.29
 278      -128   -0.00019011       -127.55
 279      -351   -0.00052293       -350.84
 280      -526   -0.00078355       -525.69
 281      -625   -0.00093131       -624.82
 282      -632   -0.00094176       -631.83
 283      -544   -0.00081063       -543.86
 284      -372   -0.00055490       -372.28
 285      -141   -0.00021061       -141.30
 286       115    0.00017211        115.47
 287       360    0.00053639        359.87
 288       555    0.00082703        554.86
 289       670    0.00099880        670.10
 290       687    0.00102353        686.69
 291       600    0.00089460        600.19
 292       422    0.00062842        421.61
 293       176    0.00026240        176.05
 294      -101   -0.00015029       -100.83
 295      -368   -0.00054841       -367.93
 296      -585   -0.00087172       -584.84
 297      -718   -0.00107004       -717.90
 298      -745   -0.00111106       -745.42
 299      -661   -0.00098552       -661.20
 300      -476   -0.00070907       -475.72
 301      -215   -0.00032039       -214.95
 302        83    0.00012416         83.30
 303       375    0.00055871        374.85
 304       616    0.00091761        615.63
 305       768    0.00114528        768.38
 306       808    0.00120487        808.35
 307       727    0.00108408        727.32
 308       535    0.00079757        535.10
 309       258    0.00038526        258.48
 310       -63   -0.00009320        -62.53
 311      -380   -0.00056703       -380.43
 312      -647   -0.00096473       -647.25
 313      -822   -0.00122487       -821.78
 314      -876   -0.00130554       -875.90
 315      -799   -0.00119104       -799.08
 316      -600   -0.00089477       -600.31
 317      -307   -0.00045778       -307.13
 318        38    0.00005684         38.14
 319       384    0.00057308        384.48
 320       680    0.00101316        679.73
 321       878    0.00130922        878.37
 322       949    0.00141380        948.53
 323       877    0.00130731        877.08
 324       672    0.00100161        671.99
 325       361    0.00053880        361.49
 326       -10   -0.00001447         -9.71
 327      -387   -0.00057661       -386.85
 328      -713   -0.00106305       -713.21
 329      -939   -0.00139893       -938.55
 330     -1027   -0.00153059      -1026.88
 331      -962   -0.00143406       -962.12
 332      -751   -0.00111932       -750.96
 333      -422   -0.00062942       -422.28
 334       -23   -0.00003469        -23.27
 335       387    0.00057730        387.31
 336       748    0.00111461        747.80
 337      1003    0.00149470       1002.81
 338      1112    0.00165704       1111.72
 339      1055    0.00157271       1055.14
 340       838    0.00124938        838.22
 341       490    0.00073094        490.39
 342        61    0.00009157         61.44
 343      -386   -0.00057476       -385.61
 344      -784   -0.00116810       -783.69
 345     -1072   -0.00159744      -1071.73
 346     -1204   -0.00179460      -1204.01
 347     -1157   -0.00172502      -1157.33
 348      -935   -0.00139365       -935.01
 349      -567   -0.00084502       -566.93
 350      -106   -0.00015735       -105.57
 351       381    0.00056851        381.42
 352       821    0.00122383        821.08
 353      1146    0.00170824       1146.07
 354      1305    0.00194503       1304.93
 355      1270    0.00189319       1270.15
 356      1043    0.00155440       1042.86
 357       653    0.00097367        653.24
 358       157    0.00023345        156.63
 359      -374   -0.00055795       -374.34
 360      -860   -0.00128220       -860.24
 361     -1227   -0.00182850      -1226.76
 362     -1416   -0.00211053      -1415.97
 363     -1395   -0.00207994      -1395.45
 364     -1164   -0.00173451      -1163.70
 365      -751   -0.00111946       -751.06
 366      -216   -0.00032172       -215.84
 367       364    0.00054233        363.85
 368       901    0.00134368        901.49
 369      1315    0.00195994       1314.94
 370      1539    0.00229388       1538.98
 371      1536    0.00228872       1535.52
 372      1300    0.00193756       1299.93
 373       863    0.00128558        862.51
 374       285    0.00042439        284.72
 375      -349   -0.00052075       -349.37
 376      -945   -0.00140898       -945.30
 377     -1412   -0.00210483      -1412.14
 378     -1676   -0.00249867      -1676.38
 379     -1693   -0.00252395      -1693.34
 380     -1455   -0.00216818      -1454.65
 381      -990   -0.00147609       -990.32
 382      -365   -0.00054428       -365.16
 383       330    0.00049218        330.20
 384       992    0.00147916        992.38
 385      1520    0.00226631       1520.49
 386      1831    0.00272979       1831.44
 387      1873    0.00279162       1872.92
 388      1632    0.00243255       1632.02
 389      1138    0.00169644       1138.16
 390       460    0.00068518        459.69
 391      -305   -0.00045526       -305.44
 392     -1044   -0.00155570      -1043.73
 393     -1643   -0.00244870      -1642.85
 394     -2009   -0.00299392      -2008.64
 395     -2080   -0.00309991      -2079.75
 396     -1838   -0.00273921      -1837.76
 397     -1311   -0.00195417      -1311.07
 398      -572   -0.00085233       -571.84
 399       274    0.00040804        273.75
 400      1101    0.00164050       1100.62
 401      1783    0.00265782       1783.15
 402      2214    0.00330019       2214.12
 403      2321    0.00346011       2321.41
 404      2080    0.00309998       2079.80
 405      1516    0.00225980       1516.11
 406       707    0.00105319        706.59
 407      -233   -0.00034761       -233.21
 408     -1165   -0.00173608      -1164.75
 409     -1947   -0.00290166      -1946.74
 410     -2456   -0.00366130      -2456.39
 411     -2608   -0.00388796      -2608.46
 412     -2369   -0.00353142      -2369.26
 413     -1763   -0.00262808      -1763.20
 414      -871   -0.00129814       -870.93
 415       181    0.00027006        181.19
 416      1239    0.00184632       1238.71
 417      2142    0.00319201       2141.55
 418      2748    0.00409587       2747.95
 419      2956    0.00440665       2956.46
 420      2722    0.00405793       2722.50
 421      2067    0.00308082       2066.95
 422      1075    0.00160251       1075.14
 423      -114   -0.00016975       -113.89
 424     -1327   -0.00197725      -1326.55
 425     -2380   -0.00354701      -2379.71
 426     -3108   -0.00463253      -3108.00
 427     -3389   -0.00505184      -3389.32
 428     -3165   -0.00471723      -3164.82
 429     -2450   -0.00365184      -2450.05
 430     -1335   -0.00199021      -1335.25
 431        25    0.00003790         25.43
 432      1435    0.00213858       1434.79
 433      2681    0.00399563       2680.70
 434      3567    0.00531732       3567.43
 435      3946    0.00588132       3945.82
 436      3738    0.00557092       3737.57
 437      2950    0.00439689       2949.91
 438      1678    0.00250110       1678.01
 439        94    0.00014063         94.35
 440     -1574   -0.00234602      -1573.96
 441     -3077   -0.00458631      -3076.99
 442     -4179   -0.00622820      -4178.55
 443     -4692   -0.00699401      -4692.33
 444     -4512   -0.00672551      -4512.20
 445     -3632   -0.00541335      -3631.86
 446     -2151   -0.00320547      -2150.57
 447      -263   -0.00039261       -263.41
 448      1763    0.00262823       1763.30
 449      3628    0.00540792       3628.21
 450      5038    0.00750978       5038.36
 451      5753    0.00857560       5753.43
 452      5625    0.00838353       5624.58
 453      4622    0.00688882       4621.76
 454      2845    0.00424060       2845.05
 455       517    0.00077104        517.30
 456     -2042   -0.00304315      -2041.67
 457     -4457   -0.00664269      -4456.63
 458     -6349   -0.00946354      -6349.16
 459     -7394   -0.01102022      -7393.55
 460     -7369   -0.01098292      -7368.52
 461     -6197   -0.00923703      -6197.20
 462     -3969   -0.00591542      -3968.70
 463      -937   -0.00139720       -937.39
 464      2502    0.00372885       2501.72
 465      5859    0.00873355       5859.41
 466      8615    0.01284154       8615.49
 467     10291    0.01533925      10291.22
 468     10522    0.01568260      10521.57
 469      9118    0.01358989       9117.56
 470      6110    0.00910645       6109.58
 471      1765    0.00263051       1764.83
 472     -3425   -0.00510532      -3425.20
 473     -8787   -0.01309763      -8787.30
 474    -13536   -0.02017501     -13535.56
 475    -16860   -0.02512964     -16859.67
 476    -18022   -0.02686247     -18022.23
 477    -16454   -0.02452472     -16453.82
 478    -11834   -0.01763819     -11833.59
 479     -4145   -0.00617852      -4145.21
 480      6300    0.00939008       6299.88
 481     18876    0.02813492      18875.93
 482     32693    0.04872931      32692.86
 483     46678    0.06957460      46678.12
 484     59682    0.08895683      59681.81
 485     70594    0.10522093      70593.52
 486     78458    0.11694274      78457.77
 487     82575    0.12307915      82574.73
 488     82575    0.12307915      82574.73
 489     78458    0.11694274      78457.77
 490     70594    0.10522093      70593.52
 491     59682    0.08895683      59681.81
 492     46678    0.06957460      46678.12
 493     32693    0.04872931      32692.86
 494     18876    0.02813492      18875.93
 495      6300    0.00939008       6299.88
 496     -4145   -0.00617852      -4145.21
 497    -11834   -0.01763819     -11833.59
 498    -16454   -0.02452472     -16453.82
 499    -18022   -0.02686247     -18022.23
 500    -16860   -0.02512964     -16859.67
 501    -13536   -0.02017501     -13535.56
 502     -8787   -0.01309763      -8787.30
 503     -3425   -0.00510532      -3425.20
 504      1765    0.00263051       1764.83
 505      6110    0.00910645       6109.58
 506      9118    0.01358989       9117.56
 507     10522    0.01568260      10521.57
 508     10291    0.01533925      10291.22
 509      8615    0.01284154       8615.49
 510      5859    0.00873355       5859.41
 511      2502    0.00372885       2501.72
 512      -937   -0.00139720       -937.39
 513     -3969   -0.00591542      -3968.70
 514     -6197   -0.00923703      -6197.20
 515     -7369   -0.01098292      -7368.52
 516     -7394   -0.01102022      -7393.55
 517     -6349   -0.00946354      -6349.16
 518     -4457   -0.00664269      -4456.63
 519     -2042   -0.00304315      -2041.67
 520       517    0.00077104        517.30
 521      2845    0.00424060       2845.05
 522      4622    0.00688882       4621.76
 523      5625    0.00838353       5624.58
 524      5753    0.00857560       5753.43
 525      5038    0.00750978       5038.36
 526      3628    0.00540792       3628.21
 527      1763    0.00262823       1763.30
 528      -263   -0.00039261       -263.41
 529     -2151   -0.00320547      -2150.57
 530     -3632   -0.00541335      -3631.86
 531     -4512   -0.00672551      -4512.20
 532     -4692   -0.00699401      -4692.33
 533     -4179   -0.00622820      -4178.55
 534     -3077   -0.00458631      -3076.99
 535     -1574   -0.00234602      -1573.96
 536        94    0.00014063         94.35
 537      1678    0.00250110       1678.01
 538      2950    0.00439689       2949.91
 539      3738    0.00557092       3737.57
 540      3946    0.00588132       3945.82
 541      3567    0.00531732       3567.43
 542      2681    0.00399563       2680.70
 543      1435    0.00213858       1434.79
 544        25    0.00003790         25.43
 545     -1335   -0.00199021      -1335.25
 546     -2450   -0.00365184      -2450.05
 547     -3165   -0.00471723      -3164.82
 548     -3389   -0.00505184      -3389.32
 549     -3108   -0.00463253      -3108.00
 550     -2380   -0.00354701      -2379.71
 551     -1327   -0.00197725      -1326.55
 552      -114   -0.00016975       -113.89
 553      1075    0.00160251       1075.14
 554      2067    0.00308082       2066.95
 555      2722    0.00405793       2722.50
 556      2956    0.00440665       2956.46
 557      2748    0.00409587       2747.95
 558      2142    0.00319201       2141.55
 559      1239    0.00184632       1238.71
 560       181    0.00027006        181.19
 561      -871   -0.00129814       -870.93
 562     -1763   -0.00262808      -1763.20
 563     -2369   -0.00353142      -2369.26
 564     -2608   -0.00388796      -2608.46
 565     -2456   -0.00366130      -2456.39
 566     -1947   -0.00290166      -1946.74
 567     -1165   -0.00173608      -1164.75
 568      -233   -0.00034761       -233.21
 569       707    0.00105319        706.59
 570      1516    0.00225980       1516.11
 571      2080    0.00309998       2079.80
 572      2321    0.00346011       2321.41
 573      2214    0.00330019       2214.12
 574      1783    0.00265782       1783.15
 575      1101    0.00164050       1100.62
 576       274    0.00040804        273.75
 577      -572   -0.00085233       -571.84
 578     -1311   -0.00195417      -1311.07
 579     -1838   -0.00273921      -1837.76
 580     -2080   -0.00309991      -2079.75
 581     -2009   -0.00299392      -2008.64
 582     -1643   -0.00244870      -1642.85
 583     -1044   -0.00155570      -1043.73
 584      -305   -0.00045526       -305.44
 585       460    0.00068518        459.69
 586      1138    0.00169644       1138.16
 587      1632    0.00243255       1632.02
 588      1873    0.00279162       1872.92
 589      1831    0.00272979       1831.44
 590      1520    0.00226631       1520.49
 591       992    0.00147916        992.38
 592       330    0.00049218        330.20
 593      -365   -0.00054428       -365.16
 594      -990   -0.00147609       -990.32
 595     -1455   -0.00216818      -1454.65
 596     -1693   -0.00252395      -1693.34
 597     -1676   -0.00249867      -1676.38
 598     -1412   -0.00210483      -1412.14
 599      -945   -0.00140898       -945.30
 600      -349   -0.00052075       -349.37
 601       285    0.00042439        284.72
 602       863    0.00128558        862.51
 603      1300    0.00193756       1299.93
 604      1536    0.00228872       1535.52
 605      1539    0.00229388       1538.98
 606      1315    0.00195994       1314.94
 607       901    0.00134368        901.49
 608       364    0.00054233        363.85
 609      -216   -0.00032172       -215.84
 610      -751   -0.00111946       -751.06
 611     -1164   -0.00173451      -1163.70
 612     -1395   -0.00207994      -1395.45
 613     -1416   -0.00211053      -1415.97
 614     -1227   -0.00182850      -1226.76
 615      -860   -0.00128220       -860.24
 616      -374   -0.00055795       -374.34
 617       157    0.00023345        156.63
 618       653    0.00097367        653.24
 619      1043    0.00155440       1042.86
 620      1270    0.00189319       1270.15
 621      1305    0.00194503       1304.93
 622      1146    0.00170824       1146.07
 623       821    0.00122383        821.08
 624       381    0.00056851        381.42
 625      -106   -0.00015735       -105.57
 626      -567   -0.00084502       -566.93
 627      -935   -0.00139365       -935.01
 628     -1157   -0.00172502      -1157.33
 629     -1204   -0.00179460      -1204.01
 630     -1072   -0.00159744      -1071.73
 631      -784   -0.00116810       -783.69
 632      -386   -0.00057476       -385.61
 633        61    0.00009157         61.44
 634       490    0.00073094        490.39
 635       838    0.00124938        838.22
 636      1055    0.00157271       1055.14
 637      1112    0.00165704       1111.72
 638      1003    0.00149470       1002.81
 639       748    0.00111461        747.80
 640       387    0.00057730        387.31
 641       -23   -0.00003469        -23.27
 642      -422   -0.00062942       -422.28
 643      -751   -0.00111932       -750.96
 644      -962   -0.00143406       -962.12
 645     -1027   -0.00153059      -1026.88
 646      -939   -0.00139893       -938.55
 647      -713   -0.00106305       -713.21
 648      -387   -0.00057661       -386.85
 649       -10   -0.00001447         -9.71
 650       361    0.00053880        361.49
 651       672    0.00100161        671.99
 652       877    0.00130731        877.08
 653       949    0.00141380        948.53
 654       878    0.00130922        878.37
 655       680    0.00101316        679.73
 656       384    0.00057308        384.48
 657        38    0.00005684         38.14
 658      -307   -0.00045778       -307.13
 659      -600   -0.00089477       -600.31
 660      -799   -0.00119104       -799.08
 661      -876   -0.00130554       -875.90
 662      -822   -0.00122487       -821.78
 663      -647   -0.00096473       -647.25
 664      -380   -0.00056703       -380.43
 665       -63   -0.00009320        -62.53
 666       258    0.00038526        258.48
 667       535    0.00079757        535.10
 668       727    0.00108408        727.32
 669       808    0.00120487        808.35
 670       768    0.00114528        768.38
 671       616    0.00091761        615.63
 672       375    0.00055871        374.85
 673        83    0.00012416         83.30
 674      -215   -0.00032039       -214.95
 675      -476   -0.00070907       -475.72
 676      -661   -0.00098552       -661.20
 677      -745   -0.00111106       -745.42
 678      -718   -0.00107004       -717.90
 679      -585   -0.00087172       -584.84
 680      -368   -0.00054841       -367.93
 681      -101   -0.00015029       -100.83
 682       176    0.00026240        176.05
 683       422    0.00062842        421.61
 684       600    0.00089460        600.19
 685       687    0.00102353        686.69
 686       670    0.00099880        670.10
 687       555    0.00082703        554.86
 688       360    0.00053639        359.87
 689       115    0.00017211        115.47
 690      -141   -0.00021061       -141.30
 691      -372   -0.00055490       -372.28
 692      -544   -0.00081063       -543.86
 693      -632   -0.00094176       -631.83
 694      -625   -0.00093131       -624.82
 695      -526   -0.00078355       -525.69
 696      -351   -0.00052293       -350.84
 697      -128   -0.00019011       -127.55
 698       110    0.00016439        110.29
 699       327    0.00048781        327.27
 700       492    0.00073300        491.77
 701       581    0.00086527        580.51
 702       582    0.00086727        581.86
 703       497    0.00074123        497.30
 704       341    0.00050821        340.96
 705       137    0.00020467        137.32
 706       -83   -0.00012322        -82.67
 707      -286   -0.00042659       -286.21
 708      -444   -0.00066117       -443.58
 709      -532   -0.00079364       -532.46
 710      -541   -0.00080646       -541.06
 711      -470   -0.00070004       -469.66
 712      -330   -0.00049240       -330.35
 713      -145   -0.00021614       -145.01
 714        58    0.00008664         58.13
 715       249    0.00037077        248.75
 716       399    0.00059468        398.98
 717       487    0.00072653        487.43
 718       502    0.00074866        502.28
 719       443    0.00065994        442.76
 720       319    0.00047563        319.10
 721       151    0.00022478        150.81
 722       -36   -0.00005431        -36.44
 723      -215   -0.00031994       -214.65
 724      -358   -0.00053319       -357.72
 725      -445   -0.00066366       -445.25
 726      -465   -0.00069373       -465.43
 727      -417   -0.00062095       -416.60
 728      -307   -0.00045807       -307.32
 729      -155   -0.00023088       -154.90
 730        17    0.00002586         17.35
 731       184    0.00027371        183.64
 732       320    0.00047634        319.58
 733       406    0.00060476        405.74
 734       430    0.00064153        430.40
 735       391    0.00058304        391.17
 736       295    0.00043982        295.08
 737       157    0.00023465        157.43
 738        -1   -0.00000100         -0.67
 739      -156   -0.00023180       -155.52
 740      -284   -0.00042386       -284.37
 741      -369   -0.00054964       -368.76
 742      -397   -0.00059196       -397.15
 743      -366   -0.00054626       -366.49
 744      -282   -0.00042104       -282.48
 745      -159   -0.00023634       -158.56
 746       -14   -0.00002056        -13.79
 747       130    0.00019390        130.09
 748       252    0.00037548        251.91
 749       334    0.00049812        334.19
 750       366    0.00054496        365.61
 751       343    0.00051063        342.59
 752       270    0.00040185        269.60
 753       158    0.00023614        158.43
 754        26    0.00003906         26.20
 755      -107   -0.00015976       -107.18
 756      -222   -0.00033101       -222.08
 757      -302   -0.00045006       -301.95
 758      -336   -0.00050047       -335.77
 759      -320   -0.00047623       -319.51
 760      -257   -0.00038244       -256.58
 761      -157   -0.00023434       -157.22
 762       -37   -0.00005482        -36.78
 763        87    0.00012905         86.58
 764       195    0.00029015        194.66
 765       272    0.00040525        271.89
 766       308    0.00045839        307.54
 767       297    0.00044305        297.25
 768       243    0.00036290        243.48
 769       155    0.00023109        155.04
 770        46    0.00006807         45.67
 771       -68   -0.00010154        -68.12
 772      -170   -0.00025268       -169.53
 773      -244   -0.00036353       -243.89
 774      -281   -0.00041864       -280.87
 775      -276   -0.00041110       -275.81
 776      -230   -0.00034334       -230.35
 777      -152   -0.00022659       -152.02
 778       -53   -0.00007904        -53.03
 779        52    0.00007699         51.65
 780       147    0.00021839        146.52
 781       218    0.00032473        217.86
 782       256    0.00038112        255.70
 783       255    0.00038037        255.19
 784       217    0.00032381        217.25
 785       148    0.00022094        148.23
 786        59    0.00008786         58.95
 787       -37   -0.00005524        -37.06
 788      -126   -0.00018716       -125.56
 789      -194   -0.00028877       -193.74
 790      -232   -0.00034582       -232.01
 791      -235   -0.00035092       -235.44
 792      -204   -0.00030445       -204.26
 793      -144   -0.00021434       -143.80
 794       -64   -0.00009478        -63.59
 795        24    0.00003607         24.20
 796       107    0.00015876        106.52
 797       171    0.00025550        171.42
 798       210    0.00031267        209.77
 799       217    0.00032276        216.54
 800       191    0.00028534        191.44
 801       139    0.00020694        138.84
 802        67    0.00009997         67.07
 803       -13   -0.00001928        -12.93
 804       -89   -0.00013305        -89.26
 805      -151   -0.00022480       -150.82
 806      -189   -0.00028160       -188.93
 807      -199   -0.00029590       -198.52
 808      -179   -0.00026657       -178.84
 809      -133   -0.00019889       -133.43
 810       -70   -0.00010362        -69.52
 811         3    0.00000465          3.12
 812        74    0.00010980         73.67
 813       132    0.00019650        131.84
 814       169    0.00025250        169.40
 815       181    0.00027029        181.34
 816       166    0.00024815        166.48
 817       128    0.00019023        127.63
 818        71    0.00010583         71.00
 819         5    0.00000789          5.29
 820       -60   -0.00008895        -59.68
 821      -114   -0.00017056       -114.43
 822      -151   -0.00022537       -151.20
 823      -165   -0.00024598       -165.03
 824      -154   -0.00023018       -154.43
 825      -122   -0.00018112       -121.52
 826       -72   -0.00010676        -71.62
 827       -12   -0.00001853        -12.43
 828        47    0.00007034         47.19
 829        99    0.00014686         98.53
 830       134    0.00020016        134.29
 831       150    0.00022299        149.60
 832       143    0.00021274        142.73
 833       115    0.00017169        115.18
 834        71    0.00010655         71.49
 835        18    0.00002742         18.39
 836       -36   -0.00005385        -36.13
 837       -84   -0.00012533        -84.09
 838      -119   -0.00017685       -118.65
 839      -135   -0.00020135       -135.09
 840      -131   -0.00019593       -131.45
 841      -109   -0.00016207       -108.74
 842       -71   -0.00010541        -70.72
 843       -23   -0.00003475        -23.31
 844        26    0.00003928         26.35
 845        71    0.00010580         70.98
 846       104    0.00015532        104.20
 847       121    0.00018102        121.45
 848       121    0.00017974        120.59
 849       102    0.00015232        102.20
 850        69    0.00010340         69.37
 851        27    0.00004061         27.25
 852       -18   -0.00002656        -17.82
 853       -59   -0.00008824        -59.20
 854       -91   -0.00013557        -90.96
 855      -109   -0.00016203       -108.71
 856      -110   -0.00016428       -110.22
 857       -96   -0.00014258        -95.66
 858       -68   -0.00010068        -67.55
 859       -30   -0.00004516        -30.30
 860        10    0.00001556         10.44
 861        49    0.00007254         48.67
 862        79    0.00011758         78.88
 863        97    0.00014442         96.90
 864       100    0.00014963        100.39
 865        89    0.00013296         89.21
 866        65    0.00009739         65.34
 867        33    0.00004854         32.56
 868        -4   -0.00000617         -4.14
 869       -39   -0.00005865        -39.35
 870       -68   -0.00010134        -67.99
 871       -86   -0.00012827        -86.06
 872       -91   -0.00013593        -91.20
 873       -83   -0.00012368        -82.98
 874       -63   -0.00009378        -62.92
 875       -34   -0.00005100        -34.22
 876        -1   -0.00000186         -1.25
 877        31    0.00004637         31.11
 878        58    0.00008670         58.17
 879        76    0.00011349         76.14
 880        83    0.00012319         82.65
 881        77    0.00011478         77.01
 882        60    0.00008994         60.34
 883        35    0.00005265         35.32
 884         6    0.00000860          5.77
 885       -24   -0.00003565        -23.92
 886       -49   -0.00007371        -49.45
 887       -67   -0.00010020        -67.22
 888       -75   -0.00011156        -74.85
 889       -71   -0.00010650        -71.45
 890       -58   -0.00008613        -57.78
 891       -36   -0.00005374        -36.05
 892       -10   -0.00001429         -9.59
 893        18    0.00002635         17.68
 894        42    0.00006229         41.79
 895        59    0.00008842         59.32
 896        68    0.00010120         67.89
 897        66    0.00009905         66.45
 898        55    0.00008260         55.42
 899        37    0.00005453         36.59
 900        13    0.00001913         12.83
 901       -12   -0.00001836        -12.31
 902       -35   -0.00005247        -35.20
 903       -53   -0.00007836        -52.57
 904       -62   -0.00009246        -62.03
 905       -62   -0.00009294        -62.36
 906       -54   -0.00007999        -53.67
 907       -37   -0.00005570        -37.37
 908       -16   -0.00002375        -15.93
 909         7    0.00001114          7.47
 910        29    0.00004391         29.46
 911        47    0.00006989         46.89
 912        57    0.00008545         57.33
 913        59    0.00008852         59.39
 914        53    0.00007880         52.87
 915        39    0.00005785         38.81
 916        19    0.00002877         19.30
 917        -3   -0.00000420         -2.82
 918       -24   -0.00003633        -24.38
 919       -42   -0.00006307        -42.32
 920       -54   -0.00008066        -54.12
 921       -58   -0.00008667        -58.15
 922       -54   -0.00008031        -53.88
 923       -42   -0.00006251        -41.94
 924       -24   -0.00003582        -24.03
 925        -3   -0.00000399         -2.68
 926        19    0.00002854         19.15
 927        38    0.00005724         38.40
 928        52    0.00007810         52.40
 929        59    0.00008822         59.19
 930        58    0.00008614         57.79
 931        48    0.00007203         48.33
 932        32    0.00004772         32.01
 933        11    0.00001637         10.98
 934       -12   -0.00001789        -12.00
 935       -34   -0.00005052        -33.90
 936       -52   -0.00007719        -51.78
 937       -63   -0.00009425        -63.24
 938       -67   -0.00009930        -66.62
 939       -61   -0.00009141        -61.32
 940       -48   -0.00007124        -47.80
 941       -28   -0.00004102        -27.52
 942        -3   -0.00000418         -2.81
 943        23    0.00003496         23.45
 944        48    0.00007177         48.15
 945        68    0.00010181         68.31
 946        81    0.00012134         81.41
 947        86    0.00012769         85.67
 948        80    0.00011956         80.21
 949        65    0.00009713         65.16
 950        42    0.00006195         41.57
 951        11    0.00001682         11.29
 952       -23   -0.00003463        -23.23
 953       -59   -0.00008829        -59.24
 954       -94   -0.00014001        -93.93
 955      -125   -0.00018599       -124.78
 956      -150   -0.00022314       -149.71
 957      -167   -0.00024930       -167.26
 958      -177   -0.00026338       -176.70
 959      -178   -0.00026537       -178.04
 960      -172   -0.00025623       -171.90
 961      -159   -0.00023768       -159.46
 962      -142   -0.00021202       -142.25
 963      -122   -0.00018179       -121.96
 964      -100   -0.00014953       -100.32
 965       -79   -0.00011756        -78.87
 966       -59   -0.00008781        -58.91
 967       -41   -0.00006169        -41.39
 968       -27   -0.00004003        -26.86
 969       -16   -0.00002317        -15.55
 970        -7   -0.00001095         -7.35
 971        -2   -0.00000289         -1.94
 972         1    0.00000174          1.17
 973         3    0.00000377          2.53
 974         3    0.00000403          2.70
 975         4    0.00000608          4.08
sum 0.99528147291 big 0.123079149857 asum 2.51787120844 sym SYM isum 667720
factor:  big 82574.73  asum 1689258.79  asum/big 20.46
