111111111111110101 // -11 -11.21499
111111111111110110 // -10 -10.216395
111111111111111000 // -8 -8.31309
111111111111111010 // -6 -5.66724
111111111111111101 // -3 -2.517825
000000000000000001 // 1 0.8535
000000000000000100 // 4 4.156545
000000000000000111 // 7 7.08405
000000000000001001 // 9 9.3885
000000000000001011 // 11 10.85652
000000000000001011 // 11 11.360085
000000000000001011 // 11 10.85652
000000000000001001 // 9 9.379965
000000000000000111 // 7 7.075515
000000000000000100 // 4 4.13094
000000000000000001 // 1 0.81936
111111111111111101 // -3 -2.569035
111111111111111010 // -6 -5.73552
111111111111111000 // -8 -8.39844
111111111111110110 // -10 -10.318815
111111111111110101 // -11 -11.325945
111111111111110101 // -11 -11.325945
111111111111110110 // -10 -10.31028
111111111111111000 // -8 -8.38137
111111111111111010 // -6 -5.709915
111111111111111101 // -3 -2.517825
000000000000000001 // 1 0.90471
000000000000000100 // 4 4.25043
000000000000000111 // 7 7.229145
000000000000001010 // 10 9.57627
000000000000001011 // 11 11.069895
000000000000001100 // 12 11.581995
000000000000001011 // 11 11.06136
000000000000001010 // 10 9.5592
000000000000000111 // 7 7.20354
000000000000000100 // 4 4.19922
000000000000000001 // 1 0.810825
111111111111111101 // -3 -2.66292
111111111111111010 // -6 -5.914755
111111111111110111 // -9 -8.645955
111111111111110101 // -11 -10.61754
111111111111110100 // -12 -11.650275
111111111111110100 // -12 -11.650275
111111111111110101 // -11 -10.61754
111111111111110111 // -9 -8.628885
111111111111111010 // -6 -5.87208
111111111111111101 // -3 -2.57757
000000000000000001 // 1 0.95592
000000000000000100 // 4 4.42113
000000000000001000 // 8 7.502265
000000000000001010 // 10 9.93474
000000000000001011 // 11 11.48811
000000000000001100 // 12 12.025815
000000000000001011 // 11 11.496645
000000000000001010 // 10 9.943275
000000000000000111 // 7 7.49373
000000000000000100 // 4 4.36992
000000000000000001 // 1 0.83643
111111111111111101 // -3 -2.790945
111111111111111010 // -6 -6.17934
111111111111110111 // -9 -9.0471
111111111111110101 // -11 -11.11257
111111111111110100 // -12 -12.20505
111111111111110100 // -12 -12.22212
111111111111110101 // -11 -11.14671
111111111111110111 // -9 -9.072705
111111111111111010 // -6 -6.17934
111111111111111101 // -3 -2.722665
000000000000000001 // 1 0.998595
000000000000000101 // 5 4.651575
000000000000001000 // 8 7.911945
000000000000001010 // 10 10.48098
000000000000001100 // 12 12.13677
000000000000001101 // 13 12.725685
000000000000001100 // 12 12.179445
000000000000001011 // 11 10.54926
000000000000001000 // 8 7.97169
000000000000000101 // 5 4.66011
000000000000000001 // 1 0.913245
111111111111111101 // -3 -2.93604
111111111111111001 // -7 -6.55488
111111111111110110 // -10 -9.61041
111111111111110100 // -12 -11.838045
111111111111110011 // -13 -13.02441
111111111111110011 // -13 -13.05855
111111111111110100 // -12 -11.93193
111111111111110110 // -10 -9.738435
111111111111111001 // -7 -6.665835
111111111111111101 // -3 -2.97018
000000000000000001 // 1 1.015665
000000000000000101 // 5 4.941765
000000000000001000 // 8 8.44965
000000000000001011 // 11 11.240595
000000000000001101 // 13 13.050015
000000000000001110 // 14 13.715745
000000000000001101 // 13 13.16097
000000000000001011 // 11 11.428365
000000000000001001 // 9 8.67156
000000000000000101 // 5 5.112465
000000000000000001 // 1 1.07541
111111111111111101 // -3 -3.08967
111111111111111001 // -7 -7.024305
111111111111110110 // -10 -10.36149
111111111111110011 // -13 -12.811035
111111111111110010 // -14 -14.13396
111111111111110010 // -14 -14.21931
111111111111110011 // -13 -13.032945
111111111111110101 // -11 -10.68582
111111111111111001 // -7 -7.365705
111111111111111101 // -3 -3.354255
000000000000000001 // 1 0.99006
000000000000000101 // 5 5.283165
000000000000001001 // 9 9.14952
000000000000001100 // 12 12.230655
000000000000001110 // 14 14.261985
000000000000001111 // 15 15.03867
000000000000001110 // 14 14.483895
000000000000001101 // 13 12.640335
000000000000001010 // 10 9.653085
000000000000000110 // 6 5.76966
000000000000000001 // 1 1.339995
111111111111111101 // -3 -3.251835
111111111111111000 // -8 -7.604685
111111111111110101 // -11 -11.325945
111111111111110010 // -14 -14.074215
111111111111110000 // -16 -15.610515
111111111111110000 // -16 -15.764145
111111111111110001 // -15 -14.52657
111111111111110100 // -12 -11.974605
111111111111111000 // -8 -8.338695
111111111111111100 // -4 -3.917565
000000000000000001 // 1 0.896175
000000000000000110 // 6 5.68431
000000000000001010 // 10 10.02009
000000000000001110 // 14 13.510905
000000000000010000 // 16 15.84096
000000000000010001 // 17 16.788345
000000000000010000 // 16 16.25064
000000000000001110 // 14 14.27052
000000000000001011 // 11 10.99308
000000000000000111 // 7 6.699975
000000000000000010 // 2 1.75821
111111111111111101 // -3 -3.39693
111111111111111000 // -8 -8.304555
111111111111110011 // -13 -12.537915
111111111111110000 // -16 -15.712935
111111111111101110 // -18 -17.522355
111111111111101110 // -18 -17.795475
111111111111110000 // -16 -16.498155
111111111111110010 // -14 -13.715745
111111111111110110 // -10 -9.67869
111111111111111011 // -5 -4.72839
000000000000000001 // 1 0.69987
000000000000000110 // 6 6.136665
000000000000001011 // 11 11.0955
000000000000001111 // 15 15.132555
000000000000010010 // 18 17.87229
000000000000010011 // 19 19.06719
000000000000010011 // 19 18.580695
000000000000010000 // 16 16.429875
000000000000001101 // 13 12.793965
000000000000001000 // 8 7.980225
000000000000000010 // 2 2.381265
111111111111111101 // -3 -3.49935
111111111111110111 // -9 -9.14952
111111111111110010 // -14 -14.06568
111111111111101110 // -18 -17.80401
111111111111101100 // -20 -20.00604
111111111111101100 // -20 -20.46693
111111111111101101 // -19 -19.109865
111111111111110000 // -16 -16.037265
111111111111110100 // -12 -11.50518
111111111111111010 // -6 -5.880615
000000000000000000 // 0 0.349935
000000000000000111 // 7 6.631695
000000000000001100 // 12 12.418425
000000000000010001 // 17 17.18949
000000000000010101 // 21 20.50107
000000000000010110 // 22 22.03737
000000000000010110 // 22 21.64476
000000000000010011 // 19 19.314705
000000000000001111 // 15 15.24351
000000000000001010 // 10 9.74697
000000000000000011 // 3 3.303045
111111111111111100 // -4 -3.53349
111111111111110110 // -10 -10.15665
111111111111110000 // -16 -15.986055
111111111111101100 // -20 -20.492535
111111111111101001 // -23 -23.240805
111111111111101000 // -24 -23.96628
111111111111101001 // -23 -22.58361
111111111111101101 // -19 -19.16961
111111111111110010 // -14 -13.9974
111111111111111000 // -8 -7.502265
000000000000000000 // 0 -0.230445
000000000000000111 // 7 7.177935
000000000000001110 // 14 14.06568
000000000000010100 // 20 19.826805
000000000000011000 // 24 23.91507
000000000000011010 // 26 25.9464
000000000000011010 // 26 25.715955
000000000000010111 // 23 23.189595
000000000000010011 // 19 18.563625
000000000000001100 // 12 12.20505
000000000000000101 // 5 4.66011
111111111111111101 // -3 -3.439605
111111111111110101 // -11 -11.36862
111111111111101110 // -18 -18.427065
111111111111101000 // -24 -23.974815
111111111111100101 // -27 -27.491235
111111111111100011 // -29 -28.62639
111111111111100101 // -27 -27.24372
111111111111101001 // -23 -23.42004
111111111111101111 // -17 -17.437005
111111111111110110 // -10 -9.806715
111111111111111111 // -1 -1.16076
000000000000001000 // 8 7.741245
000000000000010000 // 16 16.122615
000000000000010111 // 23 23.23227
000000000000011100 // 28 28.40448
000000000000011111 // 31 31.15275
000000000000011111 // 31 31.18689
000000000000011100 // 28 28.45569
000000000000010111 // 23 23.138385
000000000000010000 // 16 15.661725
000000000000000111 // 7 6.648765
111111111111111101 // -3 -3.12381
111111111111110011 // -13 -12.81957
111111111111101010 // -22 -21.55941
111111111111100011 // -29 -28.566645
111111111111011111 // -33 -33.16701
111111111111011101 // -35 -34.92522
111111111111011110 // -34 -33.61083
111111111111100011 // -29 -29.283585
111111111111101010 // -22 -22.267815
111111111111110011 // -13 -13.12683
111111111111111101 // -3 -2.637315
000000000000001000 // 8 8.304555
000000000000010011 // 19 18.734325
000000000000011100 // 28 27.72168
000000000000100010 // 34 34.438725
000000000000100110 // 38 38.228265
000000000000100111 // 39 38.706225
000000000000100100 // 36 35.753115
000000000000011110 // 30 29.556705
000000000000010101 // 21 20.60349
000000000000001010 // 10 9.618945
111111111111111110 // -2 -2.45808
111111111111110001 // -15 -14.586315
111111111111100110 // -26 -25.69035
111111111111011101 // -35 -34.75452
111111111111010111 // -41 -40.942395
111111111111010100 // -44 -43.622385
111111111111010110 // -42 -42.495765
111111111111011010 // -38 -37.562535
111111111111100011 // -29 -29.17263
111111111111101110 // -18 -18.000315
111111111111111011 // -5 -4.96737
000000000000001001 // 9 8.816655
000000000000010110 // 22 22.13979
000000000000100010 // 34 33.807135
000000000000101011 // 43 42.74328
000000000000110000 // 48 48.10326
000000000000110001 // 49 49.306695
000000000000101110 // 46 46.15728
000000000000100111 // 39 38.81718
000000000000011100 // 28 27.849705
000000000000001110 // 14 14.13396
111111111111111111 // -1 -1.186365
111111111111101111 // -17 -16.788345
111111111111100001 // -31 -31.28931
111111111111010101 // -43 -43.37487
111111111111001100 // -52 -51.90987
111111111111001000 // -56 -56.049345
111111111111001001 // -55 -55.3068
111111111111001110 // -50 -49.613955
111111111111011001 // -39 -39.36342
111111111111100111 // -25 -25.340415
111111111111110111 // -9 -8.680095
000000000000001001 // 9 9.192195
000000000000011011 // 27 26.73162
000000000000101010 // 42 42.36774
000000000000110111 // 55 54.649605
000000000000111110 // 62 62.40792
000000000001000001 // 65 64.81479
000000000000111110 // 62 61.511745
000000000000110101 // 53 52.635345
000000000000100111 // 39 38.81718
000000000000010101 // 21 21.141195
000000000000000001 // 1 1.07541
111111111111101100 // -20 -19.673175
111111111111011001 // -39 -39.269535
111111111111001000 // -56 -55.93839
111111111110111100 // -68 -68.1093
111111111110110101 // -75 -74.570295
111111111110110101 // -75 -74.56176
111111111110111100 // -68 -67.90446
111111111111001001 // -55 -54.973935
111111111111011011 // -37 -36.743175
111111111111110001 // -15 -14.671665
000000000000001001 // 9 9.40557
000000000000100001 // 33 33.38892
000000000000110111 // 55 55.15317
000000000001001001 // 73 72.66699
000000000001010100 // 84 84.25752
000000000001011001 // 89 88.670115
000000000001010101 // 85 85.29879
000000000001001010 // 74 74.177685
000000000000111000 // 56 56.049345
000000000000100000 // 32 32.29644
000000000000000101 // 5 4.839345
111111111111101000 // -24 -23.974815
111111111111001100 // -52 -51.628215
111111111110110100 // -76 -75.60303
111111111110100010 // -94 -93.62895
111111111110011000 // -104 -103.88802
111111111110010111 // -105 -105.176805
111111111110011111 // -97 -97.06002
111111111110110000 // -80 -79.930275
111111111111001001 // -55 -54.99954
111111111111101000 // -24 -24.213795
000000000000001010 // 10 9.892065
000000000000101100 // 44 44.36493
000000000001001100 // 76 76.1322
000000000001100110 // 102 102.240765
000000000001111000 // 120 120.113055
000000000010000000 // 128 127.828695
000000000001111100 // 124 124.295205
000000000001101101 // 109 109.40163
000000000001010100 // 84 84.01854
000000000000110010 // 50 50.023635
000000000000001010 // 10 10.148115
111111111111100000 // -32 -32.2623
111111111110110111 // -73 -73.477815
111111111110010010 // -110 -109.70889
111111111101110111 // -137 -137.48178
111111111101100110 // -154 -153.92019
111111111101100011 // -157 -157.044
111111111101101110 // -146 -145.99971
111111111110000111 // -121 -121.188465
111111111110101100 // -84 -84.248985
111111111111011010 // -38 -38.01489
000000000000001110 // 14 13.70721
000000000001000010 // 66 66.47058
000000000001110011 // 115 115.47855
000000000010011100 // 156 156.10515
000000000010111000 // 184 184.245045
000000000011000101 // 197 196.740285
000000000011000000 // 192 191.71317
000000000010101001 // 169 168.80523
000000000010000001 // 129 129.27111
000000000001001100 // 76 75.952965
000000000000001101 // 13 13.101225
111111111111001010 // -54 -53.949735
111111111110001001 // -119 -119.225415
111111111101001111 // -177 -176.58915
111111111100100100 // -220 -220.33956
111111111100001010 // -246 -245.748255
111111111100000110 // -250 -249.52926
111111111100011010 // -230 -230.24016
111111111101000011 // -189 -188.50401
111111111110000001 // -127 -127.05201
111111111111001101 // -51 -50.61255
000000000000100010 // 34 34.44726
000000000001111001 // 121 120.608085
000000000011001000 // 200 199.847025
000000000100001000 // 264 264.36309
000000000100110011 // 307 307.29414
000000000101000011 // 323 323.44236
000000000100110110 // 310 309.846105
000000000100001010 // 266 266.198115
000000000011000011 // 195 194.982075
000000000001100101 // 101 101.455545
111111111111111001 // -7 -6.717045
111111111110001000 // -120 -120.05331
111111111100011100 // -228 -228.029595
111111111011000000 // -320 -320.053965
111111111001111110 // -386 -386.422125
111111111001011101 // -419 -419.350155
111111111001100010 // -414 -413.81094
111111111010010000 // -368 -368.157225
111111111011100011 // -285 -284.514225
111111111101010111 // -169 -168.80523
111111111111100010 // -30 -30.36753
000000000001110111 // 119 118.696245
000000000100001001 // 265 264.559395
000000000110001001 // 393 392.874585
000000000111101010 // 490 490.14798
000000001000100001 // 545 545.138985
000000001000100110 // 550 550.01247
000000000111110101 // 501 501.41418
000000000110010001 // 401 400.982835
000000000100000000 // 256 255.546435
000000000001001101 // 77 76.772325
111111111110001000 // -120 -119.720445
111111111011000100 // -316 -315.598695
111111111000010100 // -492 -491.51358
111111110110001011 // -629 -628.91001
111111110100111000 // -712 -711.93849
111111110100100111 // -729 -729.16212
111111110101011101 // -675 -675.01608
111111110111011001 // -551 -550.6782
111111111010010100 // -364 -364.39329
111111111101111101 // -131 -131.0976
000000000010000001 // 129 128.699265
000000000110000111 // 391 390.5616
000000001001110100 // 628 628.39791
000000001100110001 // 817 816.91899
000000001110100110 // 934 934.283775
000000001111000100 // 964 964.480605
000000001110000011 // 899 899.324415
000000001011100100 // 740 739.736985
000000000111110000 // 496 496.284645
000000000010111101 // 189 188.60643
111111111101100100 // -156 -155.90031
111111111000001000 // -504 -504.495315
111111110011001010 // -822 -822.014385
111111101111001110 // -1074 -1074.326055
111111101100110000 // -1232 -1231.916295
111111101100000111 // -1273 -1273.106205
111111101101011101 // -1187 -1186.84296
111111110000110010 // -974 -974.40681
111111110101110110 // -650 -650.102415
111111111100001111 // -241 -240.541905
000000000011011001 // 217 217.292565
000000001010100111 // 679 679.240905
000000010001001010 // 1098 1098.06189
000000010110010100 // 1428 1428.118875
000000011001011110 // 1630 1630.185
000000011010001100 // 1676 1675.889925
000000011000001111 // 1551 1551.295995
000000010011101011 // 1259 1259.27097
000000001100110100 // 820 820.16229
000000000100001111 // 271 270.789945
111111111010101110 // -338 -338.39568
111111110001001100 // -948 -947.69226
111111101000101010 // -1494 -1493.821305
111111100010000100 // -1916 -1916.29527
111111011110001100 // -2164 -2163.84441
111111011101101000 // -2200 -2200.382745
111111100000100110 // -2010 -2009.642565
111111100111000010 // -1598 -1598.119005
111111110000011100 // -996 -995.74431
111111111100000010 // -254 -254.18937
000000001000101101 // 557 557.19894
000000010101001110 // 1358 1357.61124
000000100000001111 // 2063 2062.508355
000000101000100000 // 2592 2592.30141
000000101101000001 // 2881 2880.929505
000000101101000100 // 2884 2883.68631
000000101000010111 // 2583 2583.16896
000000011111001001 // 1993 1992.794475
000000010010000101 // 1157 1157.26065
000000000010010110 // 150 149.80632
111111110001011010 // -934 -933.788745
111111100001000000 // -1984 -1983.832725
111111010010111001 // -2887 -2887.44171
111111001000101100 // -3540 -3540.207045
111111000011101110 // -3858 -3857.70051
111111000100110110 // -3786 -3785.605365
111111001100010101 // -3307 -3307.34664
111111011001110000 // -2448 -2448.170865
111111101100000101 // -1275 -1275.14607
000000000001101011 // 107 107.242275
000000011000011110 // 1566 1565.74575
000000101110000110 // 2950 2950.48122
000001000000001110 // 4110 4109.65371
000001001100101001 // 4905 4905.431505
000001010001101101 // 5229 5229.30915
000001001110010111 // 5015 5015.45619
000001000010011010 // 4250 4250.489745
000000101110100010 // 2978 2978.347995
000000010100010100 // 1300 1299.564705
111111110110000101 // -635 -635.43075
111111010110110001 // -2639 -2638.62939
111110111001101010 // -4502 -4501.504095
111110100010000001 // -6015 -6015.34851
111110010010101111 // -6993 -6993.092505
111110001110000110 // -7290 -7290.298275
111110010101011001 // -6823 -6823.32282
111110101000110010 // -5582 -5582.48745
111111000111001001 // -3639 -3638.683875
111111101110001010 // -1142 -1142.145165
000000011010010111 // 1687 1686.831795
000001000111011111 // 4575 4574.956305
000001110000110100 // 7220 7219.63701
000010010001100101 // 9317 9317.36931
000010100101100010 // 10594 10594.418685
000010101001010101 // 10837 10836.8895
000010011010111101 // 9917 9917.37981
000001111010000111 // 7815 7815.29466
000001001000010101 // 4629 4628.607315
000000001000111111 // 575 575.387025
111111000001010000 // -4016 -4015.674825
111101110111101010 // -8726 -8725.62069
111100110011101101 // -13075 -13075.07376
111011111101001110 // -16562 -16561.57005
111011011011110011 // -18701 -18701.337225
111011010110000000 // -19072 -19072.114695
111011110000110111 // -17353 -17353.216905
111100101111010001 // -13359 -13359.263655
111110010001101000 // -7064 -7064.359755
000000010101101010 // 1386 1385.734065
000010110110011011 // 11675 11675.06064
000101101100100101 // 23333 23332.72695
001000101110110001 // 35761 35761.35981
001011110010010101 // 48277 48276.60585
001110101011111011 // 60155 60154.773885
010001010000011101 // 70685 70684.932555
010011010101110101 // 79221 79221.11892
010100110011101111 // 85231 85230.57828
010101100100001110 // 88334 88333.90428
010101100100001110 // 88334 88333.90428
010100110011101111 // 85231 85230.57828
010011010101110101 // 79221 79221.11892
010001010000011101 // 70685 70684.932555
001110101011111011 // 60155 60154.773885
001011110010010101 // 48277 48276.60585
001000101110110001 // 35761 35761.35981
000101101100100101 // 23333 23332.72695
000010110110011011 // 11675 11675.06064
000000010101101010 // 1386 1385.734065
111110010001101000 // -7064 -7064.359755
111100101111010001 // -13359 -13359.263655
111011110000110111 // -17353 -17353.216905
111011010110000000 // -19072 -19072.114695
111011011011110011 // -18701 -18701.337225
111011111101001110 // -16562 -16561.57005
111100110011101101 // -13075 -13075.07376
111101110111101010 // -8726 -8725.62069
111111000001010000 // -4016 -4015.674825
000000001000111111 // 575 575.387025
000001001000010101 // 4629 4628.607315
000001111010000111 // 7815 7815.29466
000010011010111101 // 9917 9917.37981
000010101001010101 // 10837 10836.8895
000010100101100010 // 10594 10594.418685
000010010001100101 // 9317 9317.36931
000001110000110100 // 7220 7219.63701
000001000111011111 // 4575 4574.956305
000000011010010111 // 1687 1686.831795
111111101110001010 // -1142 -1142.145165
111111000111001001 // -3639 -3638.683875
111110101000110010 // -5582 -5582.48745
111110010101011001 // -6823 -6823.32282
111110001110000110 // -7290 -7290.298275
111110010010101111 // -6993 -6993.092505
111110100010000001 // -6015 -6015.34851
111110111001101010 // -4502 -4501.504095
111111010110110001 // -2639 -2638.62939
111111110110000101 // -635 -635.43075
000000010100010100 // 1300 1299.564705
000000101110100010 // 2978 2978.347995
000001000010011010 // 4250 4250.489745
000001001110010111 // 5015 5015.45619
000001010001101101 // 5229 5229.30915
000001001100101001 // 4905 4905.431505
000001000000001110 // 4110 4109.65371
000000101110000110 // 2950 2950.48122
000000011000011110 // 1566 1565.74575
000000000001101011 // 107 107.242275
111111101100000101 // -1275 -1275.14607
111111011001110000 // -2448 -2448.170865
111111001100010101 // -3307 -3307.34664
111111000100110110 // -3786 -3785.605365
111111000011101110 // -3858 -3857.70051
111111001000101100 // -3540 -3540.207045
111111010010111001 // -2887 -2887.44171
111111100001000000 // -1984 -1983.832725
111111110001011010 // -934 -933.788745
000000000010010110 // 150 149.80632
000000010010000101 // 1157 1157.26065
000000011111001001 // 1993 1992.794475
000000101000010111 // 2583 2583.16896
000000101101000100 // 2884 2883.68631
000000101101000001 // 2881 2880.929505
000000101000100000 // 2592 2592.30141
000000100000001111 // 2063 2062.508355
000000010101001110 // 1358 1357.61124
000000001000101101 // 557 557.19894
111111111100000010 // -254 -254.18937
111111110000011100 // -996 -995.74431
111111100111000010 // -1598 -1598.119005
111111100000100110 // -2010 -2009.642565
111111011101101000 // -2200 -2200.382745
111111011110001100 // -2164 -2163.84441
111111100010000100 // -1916 -1916.29527
111111101000101010 // -1494 -1493.821305
111111110001001100 // -948 -947.69226
111111111010101110 // -338 -338.39568
000000000100001111 // 271 270.789945
000000001100110100 // 820 820.16229
000000010011101011 // 1259 1259.27097
000000011000001111 // 1551 1551.295995
000000011010001100 // 1676 1675.889925
000000011001011110 // 1630 1630.185
000000010110010100 // 1428 1428.118875
000000010001001010 // 1098 1098.06189
000000001010100111 // 679 679.240905
000000000011011001 // 217 217.292565
111111111100001111 // -241 -240.541905
111111110101110110 // -650 -650.102415
111111110000110010 // -974 -974.40681
111111101101011101 // -1187 -1186.84296
111111101100000111 // -1273 -1273.106205
111111101100110000 // -1232 -1231.916295
111111101111001110 // -1074 -1074.326055
111111110011001010 // -822 -822.014385
111111111000001000 // -504 -504.495315
111111111101100100 // -156 -155.90031
000000000010111101 // 189 188.60643
000000000111110000 // 496 496.284645
000000001011100100 // 740 739.736985
000000001110000011 // 899 899.324415
000000001111000100 // 964 964.480605
000000001110100110 // 934 934.283775
000000001100110001 // 817 816.91899
000000001001110100 // 628 628.39791
000000000110000111 // 391 390.5616
000000000010000001 // 129 128.699265
111111111101111101 // -131 -131.0976
111111111010010100 // -364 -364.39329
111111110111011001 // -551 -550.6782
111111110101011101 // -675 -675.01608
111111110100100111 // -729 -729.16212
111111110100111000 // -712 -711.93849
111111110110001011 // -629 -628.91001
111111111000010100 // -492 -491.51358
111111111011000100 // -316 -315.598695
111111111110001000 // -120 -119.720445
000000000001001101 // 77 76.772325
000000000100000000 // 256 255.546435
000000000110010001 // 401 400.982835
000000000111110101 // 501 501.41418
000000001000100110 // 550 550.01247
000000001000100001 // 545 545.138985
000000000111101010 // 490 490.14798
000000000110001001 // 393 392.874585
000000000100001001 // 265 264.559395
000000000001110111 // 119 118.696245
111111111111100010 // -30 -30.36753
111111111101010111 // -169 -168.80523
111111111011100011 // -285 -284.514225
111111111010010000 // -368 -368.157225
111111111001100010 // -414 -413.81094
111111111001011101 // -419 -419.350155
111111111001111110 // -386 -386.422125
111111111011000000 // -320 -320.053965
111111111100011100 // -228 -228.029595
111111111110001000 // -120 -120.05331
111111111111111001 // -7 -6.717045
000000000001100101 // 101 101.455545
000000000011000011 // 195 194.982075
000000000100001010 // 266 266.198115
000000000100110110 // 310 309.846105
000000000101000011 // 323 323.44236
000000000100110011 // 307 307.29414
000000000100001000 // 264 264.36309
000000000011001000 // 200 199.847025
000000000001111001 // 121 120.608085
000000000000100010 // 34 34.44726
111111111111001101 // -51 -50.61255
111111111110000001 // -127 -127.05201
111111111101000011 // -189 -188.50401
111111111100011010 // -230 -230.24016
111111111100000110 // -250 -249.52926
111111111100001010 // -246 -245.748255
111111111100100100 // -220 -220.33956
111111111101001111 // -177 -176.58915
111111111110001001 // -119 -119.225415
111111111111001010 // -54 -53.949735
000000000000001101 // 13 13.101225
000000000001001100 // 76 75.952965
000000000010000001 // 129 129.27111
000000000010101001 // 169 168.80523
000000000011000000 // 192 191.71317
000000000011000101 // 197 196.740285
000000000010111000 // 184 184.245045
000000000010011100 // 156 156.10515
000000000001110011 // 115 115.47855
000000000001000010 // 66 66.47058
000000000000001110 // 14 13.70721
111111111111011010 // -38 -38.01489
111111111110101100 // -84 -84.248985
111111111110000111 // -121 -121.188465
111111111101101110 // -146 -145.99971
111111111101100011 // -157 -157.044
111111111101100110 // -154 -153.92019
111111111101110111 // -137 -137.48178
111111111110010010 // -110 -109.70889
111111111110110111 // -73 -73.477815
111111111111100000 // -32 -32.2623
000000000000001010 // 10 10.148115
000000000000110010 // 50 50.023635
000000000001010100 // 84 84.01854
000000000001101101 // 109 109.40163
000000000001111100 // 124 124.295205
000000000010000000 // 128 127.828695
000000000001111000 // 120 120.113055
000000000001100110 // 102 102.240765
000000000001001100 // 76 76.1322
000000000000101100 // 44 44.36493
000000000000001010 // 10 9.892065
111111111111101000 // -24 -24.213795
111111111111001001 // -55 -54.99954
111111111110110000 // -80 -79.930275
111111111110011111 // -97 -97.06002
111111111110010111 // -105 -105.176805
111111111110011000 // -104 -103.88802
111111111110100010 // -94 -93.62895
111111111110110100 // -76 -75.60303
111111111111001100 // -52 -51.628215
111111111111101000 // -24 -23.974815
000000000000000101 // 5 4.839345
000000000000100000 // 32 32.29644
000000000000111000 // 56 56.049345
000000000001001010 // 74 74.177685
000000000001010101 // 85 85.29879
000000000001011001 // 89 88.670115
000000000001010100 // 84 84.25752
000000000001001001 // 73 72.66699
000000000000110111 // 55 55.15317
000000000000100001 // 33 33.38892
000000000000001001 // 9 9.40557
111111111111110001 // -15 -14.671665
111111111111011011 // -37 -36.743175
111111111111001001 // -55 -54.973935
111111111110111100 // -68 -67.90446
111111111110110101 // -75 -74.56176
111111111110110101 // -75 -74.570295
111111111110111100 // -68 -68.1093
111111111111001000 // -56 -55.93839
111111111111011001 // -39 -39.269535
111111111111101100 // -20 -19.673175
000000000000000001 // 1 1.07541
000000000000010101 // 21 21.141195
000000000000100111 // 39 38.81718
000000000000110101 // 53 52.635345
000000000000111110 // 62 61.511745
000000000001000001 // 65 64.81479
000000000000111110 // 62 62.40792
000000000000110111 // 55 54.649605
000000000000101010 // 42 42.36774
000000000000011011 // 27 26.73162
000000000000001001 // 9 9.192195
111111111111110111 // -9 -8.680095
111111111111100111 // -25 -25.340415
111111111111011001 // -39 -39.36342
111111111111001110 // -50 -49.613955
111111111111001001 // -55 -55.3068
111111111111001000 // -56 -56.049345
111111111111001100 // -52 -51.90987
111111111111010101 // -43 -43.37487
111111111111100001 // -31 -31.28931
111111111111101111 // -17 -16.788345
111111111111111111 // -1 -1.186365
000000000000001110 // 14 14.13396
000000000000011100 // 28 27.849705
000000000000100111 // 39 38.81718
000000000000101110 // 46 46.15728
000000000000110001 // 49 49.306695
000000000000110000 // 48 48.10326
000000000000101011 // 43 42.74328
000000000000100010 // 34 33.807135
000000000000010110 // 22 22.13979
000000000000001001 // 9 8.816655
111111111111111011 // -5 -4.96737
111111111111101110 // -18 -18.000315
111111111111100011 // -29 -29.17263
111111111111011010 // -38 -37.562535
111111111111010110 // -42 -42.495765
111111111111010100 // -44 -43.622385
111111111111010111 // -41 -40.942395
111111111111011101 // -35 -34.75452
111111111111100110 // -26 -25.69035
111111111111110001 // -15 -14.586315
111111111111111110 // -2 -2.45808
000000000000001010 // 10 9.618945
000000000000010101 // 21 20.60349
000000000000011110 // 30 29.556705
000000000000100100 // 36 35.753115
000000000000100111 // 39 38.706225
000000000000100110 // 38 38.228265
000000000000100010 // 34 34.438725
000000000000011100 // 28 27.72168
000000000000010011 // 19 18.734325
000000000000001000 // 8 8.304555
111111111111111101 // -3 -2.637315
111111111111110011 // -13 -13.12683
111111111111101010 // -22 -22.267815
111111111111100011 // -29 -29.283585
111111111111011110 // -34 -33.61083
111111111111011101 // -35 -34.92522
111111111111011111 // -33 -33.16701
111111111111100011 // -29 -28.566645
111111111111101010 // -22 -21.55941
111111111111110011 // -13 -12.81957
111111111111111101 // -3 -3.12381
000000000000000111 // 7 6.648765
000000000000010000 // 16 15.661725
000000000000010111 // 23 23.138385
000000000000011100 // 28 28.45569
000000000000011111 // 31 31.18689
000000000000011111 // 31 31.15275
000000000000011100 // 28 28.40448
000000000000010111 // 23 23.23227
000000000000010000 // 16 16.122615
000000000000001000 // 8 7.741245
111111111111111111 // -1 -1.16076
111111111111110110 // -10 -9.806715
111111111111101111 // -17 -17.437005
111111111111101001 // -23 -23.42004
111111111111100101 // -27 -27.24372
111111111111100011 // -29 -28.62639
111111111111100101 // -27 -27.491235
111111111111101000 // -24 -23.974815
111111111111101110 // -18 -18.427065
111111111111110101 // -11 -11.36862
111111111111111101 // -3 -3.439605
000000000000000101 // 5 4.66011
000000000000001100 // 12 12.20505
000000000000010011 // 19 18.563625
000000000000010111 // 23 23.189595
000000000000011010 // 26 25.715955
000000000000011010 // 26 25.9464
000000000000011000 // 24 23.91507
000000000000010100 // 20 19.826805
000000000000001110 // 14 14.06568
000000000000000111 // 7 7.177935
000000000000000000 // 0 -0.230445
111111111111111000 // -8 -7.502265
111111111111110010 // -14 -13.9974
111111111111101101 // -19 -19.16961
111111111111101001 // -23 -22.58361
111111111111101000 // -24 -23.96628
111111111111101001 // -23 -23.240805
111111111111101100 // -20 -20.492535
111111111111110000 // -16 -15.986055
111111111111110110 // -10 -10.15665
111111111111111100 // -4 -3.53349
000000000000000011 // 3 3.303045
000000000000001010 // 10 9.74697
000000000000001111 // 15 15.24351
000000000000010011 // 19 19.314705
000000000000010110 // 22 21.64476
000000000000010110 // 22 22.03737
000000000000010101 // 21 20.50107
000000000000010001 // 17 17.18949
000000000000001100 // 12 12.418425
000000000000000111 // 7 6.631695
000000000000000000 // 0 0.349935
111111111111111010 // -6 -5.880615
111111111111110100 // -12 -11.50518
111111111111110000 // -16 -16.037265
111111111111101101 // -19 -19.109865
111111111111101100 // -20 -20.46693
111111111111101100 // -20 -20.00604
111111111111101110 // -18 -17.80401
111111111111110010 // -14 -14.06568
111111111111110111 // -9 -9.14952
111111111111111101 // -3 -3.49935
000000000000000010 // 2 2.381265
000000000000001000 // 8 7.980225
000000000000001101 // 13 12.793965
000000000000010000 // 16 16.429875
000000000000010011 // 19 18.580695
000000000000010011 // 19 19.06719
000000000000010010 // 18 17.87229
000000000000001111 // 15 15.132555
000000000000001011 // 11 11.0955
000000000000000110 // 6 6.136665
000000000000000001 // 1 0.69987
111111111111111011 // -5 -4.72839
111111111111110110 // -10 -9.67869
111111111111110010 // -14 -13.715745
111111111111110000 // -16 -16.498155
111111111111101110 // -18 -17.795475
111111111111101110 // -18 -17.522355
111111111111110000 // -16 -15.712935
111111111111110011 // -13 -12.537915
111111111111111000 // -8 -8.304555
111111111111111101 // -3 -3.39693
000000000000000010 // 2 1.75821
000000000000000111 // 7 6.699975
000000000000001011 // 11 10.99308
000000000000001110 // 14 14.27052
000000000000010000 // 16 16.25064
000000000000010001 // 17 16.788345
000000000000010000 // 16 15.84096
000000000000001110 // 14 13.510905
000000000000001010 // 10 10.02009
000000000000000110 // 6 5.68431
000000000000000001 // 1 0.896175
111111111111111100 // -4 -3.917565
111111111111111000 // -8 -8.338695
111111111111110100 // -12 -11.974605
111111111111110001 // -15 -14.52657
111111111111110000 // -16 -15.764145
111111111111110000 // -16 -15.610515
111111111111110010 // -14 -14.074215
111111111111110101 // -11 -11.325945
111111111111111000 // -8 -7.604685
111111111111111101 // -3 -3.251835
000000000000000001 // 1 1.339995
000000000000000110 // 6 5.76966
000000000000001010 // 10 9.653085
000000000000001101 // 13 12.640335
000000000000001110 // 14 14.483895
000000000000001111 // 15 15.03867
000000000000001110 // 14 14.261985
000000000000001100 // 12 12.230655
000000000000001001 // 9 9.14952
000000000000000101 // 5 5.283165
000000000000000001 // 1 0.99006
111111111111111101 // -3 -3.354255
111111111111111001 // -7 -7.365705
111111111111110101 // -11 -10.68582
111111111111110011 // -13 -13.032945
111111111111110010 // -14 -14.21931
111111111111110010 // -14 -14.13396
111111111111110011 // -13 -12.811035
111111111111110110 // -10 -10.36149
111111111111111001 // -7 -7.024305
111111111111111101 // -3 -3.08967
000000000000000001 // 1 1.07541
000000000000000101 // 5 5.112465
000000000000001001 // 9 8.67156
000000000000001011 // 11 11.428365
000000000000001101 // 13 13.16097
000000000000001110 // 14 13.715745
000000000000001101 // 13 13.050015
000000000000001011 // 11 11.240595
000000000000001000 // 8 8.44965
000000000000000101 // 5 4.941765
000000000000000001 // 1 1.015665
111111111111111101 // -3 -2.97018
111111111111111001 // -7 -6.665835
111111111111110110 // -10 -9.738435
111111111111110100 // -12 -11.93193
111111111111110011 // -13 -13.05855
111111111111110011 // -13 -13.02441
111111111111110100 // -12 -11.838045
111111111111110110 // -10 -9.61041
111111111111111001 // -7 -6.55488
111111111111111101 // -3 -2.93604
000000000000000001 // 1 0.913245
000000000000000101 // 5 4.66011
000000000000001000 // 8 7.97169
000000000000001011 // 11 10.54926
000000000000001100 // 12 12.179445
000000000000001101 // 13 12.725685
000000000000001100 // 12 12.13677
000000000000001010 // 10 10.48098
000000000000001000 // 8 7.911945
000000000000000101 // 5 4.651575
000000000000000001 // 1 0.998595
111111111111111101 // -3 -2.722665
111111111111111010 // -6 -6.17934
111111111111110111 // -9 -9.072705
111111111111110101 // -11 -11.14671
111111111111110100 // -12 -12.22212
111111111111110100 // -12 -12.20505
111111111111110101 // -11 -11.11257
111111111111110111 // -9 -9.0471
111111111111111010 // -6 -6.17934
111111111111111101 // -3 -2.790945
000000000000000001 // 1 0.83643
000000000000000100 // 4 4.36992
000000000000000111 // 7 7.49373
000000000000001010 // 10 9.943275
000000000000001011 // 11 11.496645
000000000000001100 // 12 12.025815
000000000000001011 // 11 11.48811
000000000000001010 // 10 9.93474
000000000000001000 // 8 7.502265
000000000000000100 // 4 4.42113
000000000000000001 // 1 0.95592
111111111111111101 // -3 -2.57757
111111111111111010 // -6 -5.87208
111111111111110111 // -9 -8.628885
111111111111110101 // -11 -10.61754
111111111111110100 // -12 -11.650275
111111111111110100 // -12 -11.650275
111111111111110101 // -11 -10.61754
111111111111110111 // -9 -8.645955
111111111111111010 // -6 -5.914755
111111111111111101 // -3 -2.66292
000000000000000001 // 1 0.810825
000000000000000100 // 4 4.19922
000000000000000111 // 7 7.20354
000000000000001010 // 10 9.5592
000000000000001011 // 11 11.06136
000000000000001100 // 12 11.581995
000000000000001011 // 11 11.069895
000000000000001010 // 10 9.57627
000000000000000111 // 7 7.229145
000000000000000100 // 4 4.25043
000000000000000001 // 1 0.90471
111111111111111101 // -3 -2.517825
111111111111111010 // -6 -5.709915
111111111111111000 // -8 -8.38137
111111111111110110 // -10 -10.31028
111111111111110101 // -11 -11.325945
111111111111110101 // -11 -11.325945
111111111111110110 // -10 -10.318815
111111111111111000 // -8 -8.39844
111111111111111010 // -6 -5.73552
111111111111111101 // -3 -2.569035
000000000000000001 // 1 0.81936
000000000000000100 // 4 4.13094
000000000000000111 // 7 7.075515
000000000000001001 // 9 9.379965
000000000000001011 // 11 10.85652
000000000000001011 // 11 11.360085
000000000000001011 // 11 10.85652
000000000000001001 // 9 9.3885
000000000000000111 // 7 7.08405
000000000000000100 // 4 4.156545
000000000000000001 // 1 0.8535
111111111111111101 // -3 -2.517825
111111111111111010 // -6 -5.66724
111111111111111000 // -8 -8.31309
111111111111110110 // -10 -10.216395
111111111111110101 // -11 -11.21499
